// Database de valores específicos para cada Classe
//
// Estrutura da Database:
// ID da Classe,Peso,Fator de HP,Multiplicador de HP,Fator de SP,Soco,Adaga,Espada (1M),Espada (2M),Lança (1M),Lança (2M),Machado (1M),Machado (2M),Maça (1M),Maça (2M),Cajado (1M),Arco,Soqueira,Instrumento Musical,Chicote,Livro,Katar,Revolver,Rifle,Metralhadora Gatling,Espingarda,Lança Granadas,Shuriken Huuma,Cajado (2M)
//
// Aprendiz
0,	20000,0    ,500  ,100  ,500  ,650  ,700  ,2000 ,2000 ,2000 ,800  ,2000 ,700  ,700  ,650  ,2000 ,2000 ,2000 ,2000 ,2000 ,2000 ,2000 ,2000 ,2000 ,2000 ,2000 ,2000 , 650
// Espadachim
1,	28000,70   ,500  ,200  ,400  ,500  ,550  ,600  ,650  ,700  ,700  ,750  ,650  ,700  ,2000 ,2000 ,2000 ,2000 ,2000 ,2000 ,2000 ,2000 ,2000 ,2000 ,2000 ,2000 ,2000 ,2000
// Mago
2,	22000,30   ,500  ,600  ,500  ,600  ,2000 ,2000 ,2000 ,2000 ,2000 ,2000 ,2000 ,2000 ,700  ,2000 ,2000 ,2000 ,2000 ,2000 ,2000 ,2000 ,2000 ,2000 ,2000 ,2000 ,2000 , 700
// Arqueiro
3,	26000,50   ,500  ,200  ,400  ,600  ,2000 ,2000 ,2000 ,2000 ,2000 ,2000 ,2000 ,2000 ,2000 ,700  ,2000 ,2000 ,2000 ,2000 ,2000 ,2000 ,2000 ,2000 ,2000 ,2000 ,2000 ,2000
// Noviço
4,	24000,40   ,500  ,500  ,400  ,2000 ,2000 ,2000 ,2000 ,2000 ,2000 ,2000 ,600  ,600  ,600  ,2000 ,2000 ,2000 ,2000 ,2000 ,2000 ,2000 ,2000 ,2000 ,2000 ,2000 ,2000 , 600
// Mercador
5,	28000,40   ,500  ,300  ,400  ,600  ,700  ,2000 ,2000 ,2000 ,700  ,750  ,700  ,700  ,2000 ,2000 ,2000 ,2000 ,2000 ,2000 ,2000 ,2000 ,2000 ,2000 ,2000 ,2000 ,2000 ,2000
// Gatuno
6,	24000,50   ,500  ,200  ,400  ,500  ,650  ,2000 ,2000 ,2000 ,800  ,2000 ,2000 ,2000 ,2000 ,800  ,2000 ,2000 ,2000 ,2000 ,2000 ,2000 ,2000 ,2000 ,2000 ,2000 ,2000 ,2000
// Cavaleiro
7,	28000,150  ,500  ,300  ,400  ,500  ,500  ,550  ,600  ,600  ,700  ,700  ,650  ,700  ,2000 ,2000 ,2000 ,2000 ,2000 ,2000 ,2000 ,2000 ,2000 ,2000 ,2000 ,2000 ,2000 ,2000
// Sacerdote
8,	26000,75   ,500  ,800  ,400  ,2000 ,2000 ,2000 ,2000 ,2000 ,2000 ,2000 ,600  ,600  ,600  ,2000 ,2000 ,2000 ,2000 ,600  ,2000 ,2000 ,2000 ,2000 ,2000 ,2000 ,2000 , 600
// Bruxo
9,	24000,55   ,500  ,900  ,500  ,575  ,2000 ,2000 ,2000 ,2000 ,2000 ,2000 ,2000 ,2000 ,625  ,2000 ,2000 ,2000 ,2000 ,2000 ,2000 ,2000 ,2000 ,2000 ,2000 ,2000 ,2000 , 625
// Ferreiro
10,	30000,90   ,500  ,400  ,400  ,600  ,650  ,2000 ,2000 ,2000 ,650  ,650  ,675  ,675  ,2000 ,2000 ,2000 ,2000 ,2000 ,2000 ,2000 ,2000 ,2000 ,2000 ,2000 ,2000 ,2000 ,2000
// Caçador
11,	27000,85   ,500  ,400  ,400  ,600  ,2000 ,2000 ,2000 ,2000 ,2000 ,2000 ,2000 ,2000 ,2000 ,600  ,2000 ,2000 ,2000 ,2000 ,2000 ,2000 ,2000 ,2000 ,2000 ,2000 ,2000 ,2000
// Mercenário
12,	24000,110  ,500  ,400  ,400  ,500  ,650  ,2000 ,2000 ,2000 ,800  ,2000 ,2000 ,2000 ,2000 ,2000 ,2000 ,2000 ,2000 ,2000 ,500  ,2000 ,2000 ,2000 ,2000 ,2000 ,2000 ,2000
// Cavaleiro (Montaria)
13,	28000,150  ,500  ,300  ,400  ,500  ,500  ,550  ,600  ,600  ,700  ,700  ,650  ,700  ,2000 ,2000 ,2000 ,2000 ,2000 ,2000 ,2000 ,2000 ,2000 ,2000 ,2000 ,2000 ,2000 ,2000
// Templário
14,	28000,110  ,700  ,470  ,400  ,500  ,500  ,550  ,600  ,600  ,700  ,700  ,650  ,700  ,2000 ,2000 ,2000 ,2000 ,2000 ,2000 ,2000 ,2000 ,2000 ,2000 ,2000 ,2000 ,2000 ,2000
// Monge
15,	26000,90   ,650  ,470  ,400  ,2000 ,2000 ,2000 ,2000 ,2000 ,2000 ,2000 ,575  ,575  ,575  ,2000 ,475  ,2000 ,2000 ,2000 ,2000 ,2000 ,2000 ,2000 ,2000 ,2000 ,2000 , 575
// Sábio
16,	24000,75   ,500  ,700  ,450  ,525  ,2000 ,2000 ,2000 ,2000 ,2000 ,2000 ,2000 ,2000 ,625  ,2000 ,2000 ,2000 ,2000 ,550  ,2000 ,2000 ,2000 ,2000 ,2000 ,2000 ,2000 , 625
// Arruaceiro
17,	24000,85   ,500  ,500  ,400  ,500  ,550  ,2000 ,2000 ,2000 ,2000 ,2000 ,2000 ,2000 ,2000 ,650  ,2000 ,2000 ,2000 ,2000 ,2000 ,2000 ,2000 ,2000 ,2000 ,2000 ,2000 ,2000
// Alquimista
18,	30000,90   ,500  ,400  ,400  ,550  ,575  ,2000 ,2000 ,2000 ,675  ,700  ,650  ,650  ,2000 ,2000 ,2000 ,2000 ,2000 ,2000 ,2000 ,2000 ,2000 ,2000 ,2000 ,2000 ,2000 ,2000
// Bardo
19,	27000,75   ,300  ,600  ,400  ,550  ,2000 ,2000 ,2000 ,2000 ,2000 ,2000 ,2000 ,2000 ,2000 ,650  ,2000 ,575  ,2000 ,2000 ,2000 ,2000 ,2000 ,2000 ,2000 ,2000 ,2000 ,2000
// Odalisca
20,	27000,75   ,300  ,600  ,400  ,550  ,2000 ,2000 ,2000 ,2000 ,2000 ,2000 ,2000 ,2000 ,2000 ,650  ,2000 ,2000 ,575  ,2000 ,2000 ,2000 ,2000 ,2000 ,2000 ,2000 ,2000 ,2000
// Templário (Montaria)
21,	28000,110  ,700  ,470  ,400  ,500  ,500  ,550  ,600  ,600  ,700  ,700  ,650  ,700  ,2000 ,2000 ,2000 ,2000 ,2000 ,2000 ,2000 ,2000 ,2000 ,2000 ,2000 ,2000 ,2000 ,2000
// Casamento
22,	20000,0    ,500  ,100  ,2000 ,2000 ,2000 ,2000 ,2000 ,2000 ,2000 ,2000 ,2000 ,2000 ,2000 ,2000 ,2000 ,2000 ,2000 ,2000 ,2000 ,2000 ,2000 ,2000 ,2000 ,2000 ,2000 ,2000
// Super Aprendiz
23,	20000,0    ,500  ,100  ,500  ,650  ,700  ,2000 ,2000 ,2000 ,800  ,2000 ,700  ,700  ,650  ,2000 ,2000 ,2000 ,2000 ,2000 ,2000 ,2000 ,2000 ,2000 ,2000 ,2000 ,2000 , 650
// Justiceiro
24,	28000,88   ,  0  ,450  ,500  ,2000, 2000, 2000, 2000, 2000, 2000 ,2000 ,2000 ,2000 ,2000 ,2000 ,2000 ,2000 ,2000 ,2000 ,2000 , 700 , 750 , 700 ,1500 ,1500 ,2000 ,2000
// Ninja
25,	26000,80   ,  0  ,515  ,400  ,500  ,2000 ,2000 ,2000 ,2000 ,2000 ,2000 ,2000 ,2000 ,2000 ,2000 ,2000 ,2000 ,2000 ,2000 ,2000 ,2000 ,2000 ,2000 ,2000 ,2000 , 750 ,2000
// Aprendiz T.
4001,	20000,0    ,500  ,100  ,500  ,650  ,700  ,2000 ,2000 ,2000 ,800  ,2000 ,700  ,700  ,650  ,2000 ,2000 ,2000 ,2000 ,2000 ,2000 ,2000 ,2000 ,2000 ,2000 ,2000 ,2000 , 650
// Espadachim T.
4002,	28000,70   ,500  ,200  ,400  ,500  ,550  ,600  ,650  ,700  ,700  ,750  ,650  ,700  ,2000 ,2000 ,2000 ,2000 ,2000 ,2000 ,2000 ,2000 ,2000 ,2000 ,2000 ,2000 ,2000 ,2000
// Mago T.
4003,	22000,30   ,500  ,600  ,500  ,600  ,2000 ,2000 ,2000 ,2000 ,2000 ,2000 ,2000 ,2000 ,700  ,2000 ,2000 ,2000 ,2000 ,2000 ,2000 ,2000 ,2000 ,2000 ,2000 ,2000 ,2000 , 700
// Arqueiro T.
4004,	26000,50   ,500  ,200  ,400  ,600  ,2000 ,2000 ,2000 ,2000 ,2000 ,2000 ,2000 ,2000 ,2000 ,700  ,2000 ,2000 ,2000 ,2000 ,2000 ,2000 ,2000 ,2000 ,2000 ,2000 ,2000 ,2000
// Noviço T.
4005,	24000,40   ,500  ,500  ,400  ,2000 ,2000 ,2000 ,2000 ,2000 ,2000 ,2000 ,600  ,600  ,600  ,2000 ,2000 ,2000 ,2000 ,2000 ,2000 ,2000 ,2000 ,2000 ,2000 ,2000 ,2000 , 600
// Mercador T.
4006,	28000,40   ,500  ,300  ,400  ,600  ,700  ,2000 ,2000 ,2000 ,700  ,750  ,700  ,700  ,2000 ,2000 ,2000 ,2000 ,2000 ,2000 ,2000 ,2000 ,2000 ,2000 ,2000 ,2000 ,2000 ,2000
// Gatuno T.
4007,	24000,50   ,500  ,200  ,400  ,500  ,650  ,2000 ,2000 ,2000 ,800  ,2000 ,2000 ,2000 ,2000 ,800  ,2000 ,2000 ,2000 ,2000 ,2000 ,2000 ,2000 ,2000 ,2000 ,2000 ,2000 ,2000
// Lorde
4008,	28000,150  ,500  ,300  ,400  ,500  ,500  ,550  ,600  ,600  ,700  ,700  ,650  ,700  ,2000 ,2000 ,2000 ,2000 ,2000 ,2000 ,2000 ,2000 ,2000 ,2000 ,2000 ,2000 ,2000 ,2000
// Sumo Sacerdote
4009,	26000,75   ,500  ,800  ,400  ,2000 ,2000 ,2000 ,2000 ,2000 ,2000 ,2000 ,600  ,600  ,600  ,2000 ,2000 ,2000 ,2000 ,600  ,2000 ,2000 ,2000 ,2000 ,2000 ,2000 ,2000 , 600
// Arquimago
4010,	24000,55   ,500  ,900  ,500  ,575  ,2000 ,2000 ,2000 ,2000 ,2000 ,2000 ,2000 ,2000 ,625  ,2000 ,2000 ,2000 ,2000 ,2000 ,2000 ,2000 ,2000 ,2000 ,2000 ,2000 ,2000 , 625
// Mestre Ferreiro
4011,	30000,90   ,500  ,400  ,400  ,600  ,650  ,2000 ,2000 ,2000 ,650  ,650  ,675  ,675  ,2000 ,2000 ,2000 ,2000 ,2000 ,2000 ,2000 ,2000 ,2000 ,2000 ,2000 ,2000 ,2000 ,2000
// Atirador de Elite
4012,	27000,85   ,500  ,400  ,400  ,600  ,2000 ,2000 ,2000 ,2000 ,2000 ,2000 ,2000 ,2000 ,2000 ,600  ,2000 ,2000 ,2000 ,2000 ,2000 ,2000 ,2000 ,2000 ,2000 ,2000 ,2000 ,2000
// Algoz
4013,	24000,110  ,500  ,400  ,400  ,500  ,650  ,2000 ,2000 ,2000 ,800  ,2000 ,2000 ,2000 ,2000 ,2000 ,2000 ,2000 ,2000 ,2000 ,500  ,2000 ,2000 ,2000 ,2000 ,2000 ,2000 ,2000
// Lorde (Montaria)
4014,	28000,150  ,500  ,300  ,400  ,500  ,500  ,550  ,600  ,600  ,700  ,700  ,650  ,700  ,2000 ,2000 ,2000 ,2000 ,2000 ,2000 ,2000 ,2000 ,2000 ,2000 ,2000 ,2000 ,2000 ,2000
// Paladino
4015,	28000,110  ,700  ,470  ,400  ,500  ,500  ,550  ,600  ,600  ,700  ,700  ,650  ,700  ,2000 ,2000 ,2000 ,2000 ,2000 ,2000 ,2000 ,2000 ,2000 ,2000 ,2000 ,2000 ,2000 ,2000
// Mestre
4016,	26000,90   ,650  ,470  ,400  ,2000 ,2000 ,2000 ,2000 ,2000 ,2000 ,2000 ,575  ,575  ,575  ,2000 ,475  ,2000 ,2000 ,2000 ,2000 ,2000 ,2000 ,2000 ,2000 ,2000 ,2000 , 575
// Professor
4017,	24000,75   ,500  ,700  ,450  ,525  ,2000 ,2000 ,2000 ,2000 ,2000 ,2000 ,2000 ,2000 ,625  ,2000 ,2000 ,2000 ,2000 ,550  ,2000 ,2000 ,2000 ,2000 ,2000 ,2000 ,2000 , 625
// Desordeiro
4018,	24000,85   ,500  ,500  ,400  ,500  ,550  ,2000 ,2000 ,2000 ,2000 ,2000 ,2000 ,2000 ,2000 ,650  ,2000 ,2000 ,2000 ,2000 ,2000 ,2000 ,2000 ,2000 ,2000 ,2000 ,2000 ,2000
// Criador
4019,	30000,90   ,500  ,400  ,400  ,550  ,575  ,2000 ,2000 ,2000 ,675  ,700  ,650  ,650  ,2000 ,2000 ,2000 ,2000 ,2000 ,2000 ,2000 ,2000 ,2000 ,2000 ,2000 ,2000 ,2000 ,2000
// Menestrel
4020,	27000,75   ,300  ,600  ,400  ,550  ,2000 ,2000 ,2000 ,2000 ,2000 ,2000 ,2000 ,2000 ,2000 ,650  ,2000 ,575  ,2000 ,2000 ,2000 ,2000 ,2000 ,2000 ,2000 ,2000 ,2000 ,2000
// Cigana
4021,	27000,75   ,300  ,600  ,400  ,550  ,2000 ,2000 ,2000 ,2000 ,2000 ,2000 ,2000 ,2000 ,2000 ,650  ,2000 ,2000 ,575  ,2000 ,2000 ,2000 ,2000 ,2000 ,2000 ,2000 ,2000 ,2000
// Paladino (Montaria)
4022,	28000,110  ,700  ,470  ,400  ,500  ,500  ,550  ,600  ,600  ,700  ,700  ,650  ,700  ,2000 ,2000 ,2000 ,2000 ,2000 ,2000 ,2000 ,2000 ,2000 ,2000 ,2000 ,2000 ,2000 ,2000
// Bebê Aprendiz
4023,	20000,0    ,500  ,100  ,500  ,650  ,700  ,2000 ,2000 ,2000 ,800  ,2000 ,700  ,700  ,650  ,2000 ,2000 ,2000 ,2000 ,2000 ,2000 ,2000 ,2000 ,2000 ,2000 ,2000 ,2000 , 650
// Bebê Espadachim
4024,	28000,70   ,500  ,200  ,400  ,500  ,550  ,600  ,650  ,700  ,700  ,750  ,650  ,700  ,2000 ,2000 ,2000 ,2000 ,2000 ,2000 ,2000 ,2000 ,2000 ,2000 ,2000 ,2000 ,2000 ,2000
// Bebê Mago
4025,	22000,30   ,500  ,600  ,500  ,600  ,2000 ,2000 ,2000 ,2000 ,2000 ,2000 ,2000 ,2000 ,700  ,2000 ,2000 ,2000 ,2000 ,2000 ,2000 ,2000 ,2000 ,2000 ,2000 ,2000 ,2000 , 700
// Bebê Arqueiro
4026,	26000,50   ,500  ,200  ,400  ,600  ,2000 ,2000 ,2000 ,2000 ,2000 ,2000 ,2000 ,2000 ,2000 ,700  ,2000 ,2000 ,2000 ,2000 ,2000 ,2000 ,2000 ,2000 ,2000 ,2000 ,2000 ,2000
// Babe Noviço
4027,	24000,40   ,500  ,500  ,400  ,2000 ,2000 ,2000 ,2000 ,2000 ,2000 ,2000 ,600  ,600  ,600  ,2000 ,2000 ,2000 ,2000 ,2000 ,2000 ,2000 ,2000 ,2000 ,2000 ,2000 ,2000 , 600
// Bebê Mercador
4028,	28000,40   ,500  ,300  ,400  ,600  ,700  ,2000 ,2000 ,2000 ,700  ,750  ,700  ,700  ,2000 ,2000 ,2000 ,2000 ,2000 ,2000 ,2000 ,2000 ,2000 ,2000 ,2000 ,2000 ,2000 ,2000
// Bebê Gatuno
4029,	24000,50   ,500  ,200  ,400  ,500  ,650  ,2000 ,2000 ,2000 ,800  ,2000 ,2000 ,2000 ,2000 ,800  ,2000 ,2000 ,2000 ,2000 ,2000 ,2000 ,2000 ,2000 ,2000 ,2000 ,2000 ,2000
// Bebê Cavaleiro
4030,	28000,150  ,500  ,300  ,400  ,500  ,500  ,550  ,600  ,600  ,700  ,700  ,650  ,700  ,2000 ,2000 ,2000 ,2000 ,2000 ,2000 ,2000 ,2000 ,2000 ,2000 ,2000 ,2000 ,2000 ,2000
// Bebê Sacerdote
4031,	26000,75   ,500  ,800  ,400  ,2000 ,2000 ,2000 ,2000 ,2000 ,2000 ,2000 ,600  ,600  ,600  ,2000 ,2000 ,2000 ,2000 ,600  ,2000 ,2000 ,2000 ,2000 ,2000 ,2000 ,2000 , 600
// Bebê Bruxo
4032,	24000,55   ,500  ,900  ,500  ,575  ,2000 ,2000 ,2000 ,2000 ,2000 ,2000 ,2000 ,2000 ,625  ,2000 ,2000 ,2000 ,2000 ,2000 ,2000 ,2000 ,2000 ,2000 ,2000 ,2000 ,2000 , 625
// Bebê Ferreiro
4033,	30000,90   ,500  ,400  ,400  ,600  ,650  ,2000 ,2000 ,2000 ,650  ,650  ,675  ,675  ,2000 ,2000 ,2000 ,2000 ,2000 ,2000 ,2000 ,2000 ,2000 ,2000 ,2000 ,2000 ,2000 ,2000
// Bebê Caçador
4034,	27000,85   ,500  ,400  ,400  ,600  ,2000 ,2000 ,2000 ,2000 ,2000 ,2000 ,2000 ,2000 ,2000 ,600  ,2000 ,2000 ,2000 ,2000 ,2000 ,2000 ,2000 ,2000 ,2000 ,2000 ,2000 ,2000
// Bebê Mercenário
4035,	24000,110  ,500  ,400  ,400  ,500  ,650  ,2000 ,2000 ,2000 ,800  ,2000 ,2000 ,2000 ,2000 ,2000 ,2000 ,2000 ,2000 ,2000 ,500  ,2000 ,2000 ,2000 ,2000 ,2000 ,2000 ,2000
// Bebê Cavaleiro (Montaria)
4036,	28000,150  ,500  ,300  ,400  ,500  ,500  ,550  ,600  ,600  ,700  ,700  ,650  ,700  ,2000 ,2000 ,2000 ,2000 ,2000 ,2000 ,2000 ,2000 ,2000 ,2000 ,2000 ,2000 ,2000 ,2000
// Bebê Templário
4037,	28000,110  ,700  ,470  ,400  ,500  ,500  ,550  ,600  ,600  ,700  ,700  ,650  ,700  ,2000 ,2000 ,2000 ,2000 ,2000 ,2000 ,2000 ,2000 ,2000 ,2000 ,2000 ,2000 ,2000 ,2000
// Bebê Monge
4038,	26000,90   ,650  ,470  ,400  ,2000 ,2000 ,2000 ,2000 ,2000 ,2000 ,2000 ,575  ,575  ,575  ,2000 ,475  ,2000 ,2000 ,2000 ,2000 ,2000 ,2000 ,2000 ,2000 ,2000 ,2000 , 575
// Bebê Sábio
4039,	24000,75   ,500  ,700  ,450  ,525  ,2000 ,2000 ,2000 ,2000 ,2000 ,2000 ,2000 ,2000 ,625  ,2000 ,2000 ,2000 ,2000 ,550  ,2000 ,2000 ,2000 ,2000 ,2000 ,2000 ,2000 , 625
// Bebê Arruaceiro
4040,	24000,85   ,500  ,500  ,400  ,500  ,550  ,2000 ,2000 ,2000 ,2000 ,2000 ,2000 ,2000 ,2000 ,650  ,2000 ,2000 ,2000 ,2000 ,2000 ,2000 ,2000 ,2000 ,2000 ,2000 ,2000 ,2000
// Bebê Alquimista
4041,	30000,90   ,500  ,400  ,400  ,550  ,575  ,2000 ,2000 ,2000 ,675  ,700  ,650  ,650  ,2000 ,2000 ,2000 ,2000 ,2000 ,2000 ,2000 ,2000 ,2000 ,2000 ,2000 ,2000 ,2000 ,2000
// Bebê Bardo
4042,	27000,75   ,300  ,600  ,400  ,550  ,2000 ,2000 ,2000 ,2000 ,2000 ,2000 ,2000 ,2000 ,2000 ,650  ,2000 ,575  ,2000 ,2000 ,2000 ,2000 ,2000 ,2000 ,2000 ,2000 ,2000 ,2000
// Bebê Odalisca
4043,	27000,75   ,300  ,600  ,400  ,550  ,2000 ,2000 ,2000 ,2000 ,2000 ,2000 ,2000 ,2000 ,2000 ,650  ,2000 ,2000 ,575  ,2000 ,2000 ,2000 ,2000 ,2000 ,2000 ,2000 ,2000 ,2000
// Bebê Templário (Montaria)
4044,	28000,110  ,700  ,470  ,400  ,500  ,500  ,550  ,600  ,600  ,700  ,700  ,650  ,700  ,2000 ,2000 ,2000 ,2000 ,2000 ,2000 ,2000 ,2000 ,2000 ,2000 ,2000 ,2000 ,2000 ,2000
// Bebê Super Aprendiz
4045,	20000,0    ,500  ,100  ,500  ,650  ,700  ,2000 ,2000 ,2000 ,800  ,2000 ,700  ,700  ,650  ,2000 ,2000 ,2000 ,2000 ,2000 ,2000 ,2000 ,2000 ,2000 ,2000 ,2000 ,2000 , 650
// Taekwon
4046, 28000,70   ,500  ,200  ,400  ,2000 ,2000 ,2000 ,2000 ,2000 ,2000 ,2000 ,2000 ,2000 ,2000 ,2000 ,2000 ,2000 ,2000 ,2000 ,2000 ,2000 ,2000 ,2000 ,2000 ,2000 ,2000 ,2000
// Meste Taekwon
4047, 28000,90   ,650  ,470  ,400  ,2000 ,2000 ,2000 ,2000 ,2000 ,2000 ,2000 ,2000 ,2000 ,2000 ,2000 ,2000 ,2000 ,2000 ,500  ,2000 ,2000 ,2000 ,2000 ,2000 ,2000 ,2000 ,2000
// Meste Taekwon (Voando)
4048, 28000,90   ,650  ,470  ,400  ,2000 ,2000 ,2000 ,2000 ,2000 ,2000 ,2000 ,2000 ,2000 ,2000 ,2000 ,2000 ,2000 ,2000 ,500  ,2000 ,2000 ,2000 ,2000 ,2000 ,2000 ,2000 ,2000
// Espiritualista
4049, 24000,75   ,500  ,900  ,500  ,575  ,2000 ,2000 ,2000 ,2000 ,2000 ,2000 ,2000 ,2000 ,625  ,2000 ,2000 ,2000 ,2000 ,2000 ,2000 ,2000 ,2000 ,2000 ,2000 ,2000 ,2000 , 625 
