// Bônus de Atributos por Nível de Classe
//
// Estrutura da Database:
// JobID,NvJob1,NvJob2,NvJob3,...
//
// Legenda para o campo 'JobLvN':
//  0 = Sem qualquer bônus de atributo neste nível de classe
//  1 = A FOR é aumentada em 1 neste nível de classe
//  2 = A AGI é aumentada em 1 neste nível de classe
//  3 = A VIT é aumentada em 1 neste nível de classe
//  4 = A INT é aumentada em 1 neste nível de classe
//  5 = A DES é aumentada em 1 neste nível de classe
//  6 = A SOR é aumentada em 1 neste nível de classe
//
// Aprendiz
0,0,0,0,0,0,0,0,0,0
// Espadachim
1,0,1,0,0,0,3,0,0,0,5,0,0,0,1,0,0,0,3,0,0,0,5,0,0,0,6,0,0,0,2,0,0,1,0,0,5,0,3,0,1,0,3,0,6,0,2,1,0,1,1
// Mago
2,0,4,0,0,0,5,0,0,0,5,0,0,0,4,0,0,0,2,0,0,0,4,0,0,0,2,0,0,0,6,0,0,4,0,0,5,0,4,0,2,0,6,0,4,0,4,2,0,6,4
// Arqueiro
3,0,5,0,0,0,1,0,0,0,4,0,0,0,5,0,0,0,5,0,0,0,6,0,0,0,2,0,0,0,5,0,0,2,0,0,5,0,1,0,1,0,5,0,6,0,3,4,0,2,5
// Noviço
4,0,6,0,0,0,3,0,0,0,4,0,0,0,5,0,0,0,6,0,0,0,2,0,0,0,1,0,0,0,3,0,0,4,0,0,5,0,6,0,2,0,1,0,3,0,4,5,0,1,6
// Mercador
5,0,3,0,0,0,5,0,0,0,1,0,0,0,5,0,0,0,3,0,0,0,1,0,0,0,4,0,0,0,3,0,0,0,0,0,6,0,5,0,1,2,5,0,1,0,6,3,0,1,5
// Gatuno
6,0,2,0,0,0,1,0,0,0,5,0,0,0,3,0,0,0,4,0,0,0,5,0,0,0,6,0,0,0,1,0,0,2,0,0,1,0,2,0,6,0,5,0,3,0,6,1,0,5,2
// Cavaleiro
7,3,0,3,1,6,0,0,3,0,1,5,3,2,0,1,0,3,3,5,6,1,0,3,0,0,0,1,6,3,0,5,0,1,0,0,3,6,2,0,5,0,0,3,0,0,1,1,5,5,0
// Sacerdote
8,6,0,6,1,0,2,3,4,4,6,1,0,0,3,5,0,1,0,0,5,6,4,0,0,5,0,1,0,2,0,6,5,0,3,1,3,2,0,6,0,0,4,4,0,3,0,0,2,0,6
// Bruxo
9,4,5,0,4,5,2,0,0,4,2,0,1,5,0,6,0,0,4,0,0,0,4,0,2,0,5,0,0,4,0,4,5,4,2,0,6,0,3,5,4,2,0,2,0,4,2,2,4,0,4
// Ferreiro
10,5,0,1,5,5,0,3,1,0,5,6,5,3,0,0,1,0,0,5,3,4,0,1,0,0,5,0,5,2,0,1,3,0,4,0,5,3,2,5,5,0,0,0,1,0,6,5,0,3,0
// Caçador
11,5,0,4,5,1,0,6,5,0,1,1,2,0,5,6,0,3,0,2,2,5,3,0,0,0,0,5,0,6,0,2,0,5,4,0,0,0,5,2,0,4,6,5,1,0,4,2,0,5,0
// Mercenário
12,2,2,2,4,0,3,0,3,5,0,1,0,0,4,2,2,2,2,2,2,2,0,0,5,1,0,1,0,0,5,5,1,0,0,0,0,0,4,0,5,5,4,0,0,1,5,0,1,0,5
// Cavaleiro (Montaria)
13,3,0,3,1,6,0,0,3,0,1,5,3,2,0,1,0,3,3,5,6,1,0,3,0,0,0,1,6,3,0,5,0,1,0,0,3,6,2,0,5,0,0,3,0,0,1,1,5,5,0
// Templário
14,6,6,6,6,6,0,1,0,4,0,1,3,0,5,3,0,1,0,0,4,4,3,1,0,1,0,0,5,0,2,0,1,0,5,4,2,0,4,0,3,3,0,0,4,0,3,0,1,0,3
// Monge
15,1,1,0,5,2,0,3,0,0,2,0,1,1,0,6,4,0,2,0,3,2,5,2,0,3,1,1,0,0,5,0,6,3,0,2,0,0,4,0,6,3,0,5,2,0,3,0,0,1,1
// Sábio
16,4,0,2,3,0,2,0,4,0,0,3,0,2,0,4,0,6,3,0,5,0,2,0,4,5,0,5,0,0,4,0,5,2,0,6,0,4,4,5,6,0,1,0,1,4,1,1,1,0,4
// Arruaceiro
17,2,3,5,0,1,3,2,0,3,0,5,0,0,3,3,2,0,5,0,5,0,0,2,0,1,3,1,0,2,1,0,0,5,5,0,1,0,4,2,0,0,1,4,0,2,0,4,4,0,5
// Alquimista
18,4,5,5,0,0,1,0,5,4,0,2,0,5,2,1,0,4,0,5,3,5,0,4,4,5,1,0,5,4,0,3,5,0,1,0,3,0,4,0,2,0,0,1,0,2,0,0,0,2,2
// Bardo
19,5,2,1,0,4,6,5,0,6,2,2,0,4,0,5,5,3,0,5,6,4,0,0,2,0,0,0,1,0,2,0,5,3,0,2,0,0,5,0,4,6,0,3,0,0,5,4,2,0,5
// Odalisca
20,6,2,1,0,4,5,6,0,5,2,2,0,4,0,6,5,3,0,6,5,4,0,0,2,0,0,0,1,0,2,0,6,3,0,2,0,0,6,0,4,5,0,3,0,0,6,4,2,0,6
// Templário (Montaria)
21,6,6,6,6,6,0,1,0,4,0,1,3,0,5,3,0,1,0,0,4,4,3,1,0,1,0,0,5,0,2,0,1,0,5,4,2,0,4,0,3,3,0,0,4,0,3,0,1,0,3
// Casamento
22,0,0,0,0,0,0,0,0,0,0,0,0,0,0,0,0,0,0,0,0,0,0,0,0,0,0,0,0,0,0,0,0,0,0,0,0,0,0,0,0,0,0,0,0,0,0,0,0,0,0,0,0,0,0,0,0,0,0,0,0,0,0,0,0,0,0,0,0,0,0,0,0,0,0,0,0,0,0,0,0,0,0,0,0,0,0,0,0,0,0,0,0,0,0,0,0,0,0,0
// Super Aprendiz
23,1,0,2,0,3,0,4,0,5,0,6,0,1,0,2,0,3,0,4,0,5,0,6,0,1,0,2,0,3,0,4,0,5,0,6,0,1,0,2,0,3,0,4,0,5,0,6,0,1,0,0,2,0,0,0,3,0,0,0,4,0,0,0,5,0,0,0,6,0,0,0,0,0,0,0,0,0,0,0,0,0,0,0,0,0,0,0,0,0,0,0,0,0,0,0,0,0,0,0
// Justiceiro
24,5,6,0,6,0,5,0,0,0,0,5,6,0,0,0,0,5,0,0,0,6,0,0,0,5,0,0,0,0,0,6,1,0,0,5,0,0,0,0,0,1,0,0,0,5,0,0,0,0,1,6,4,0,0,5,0,0,0,2,3,4,5,6,1,0,0,0,0,0,0
// Ninja
25,2,2,0,0,0,0,0,0,0,5,2,0,0,0,0,0,0,0,0,4,2,5,0,0,0,0,0,0,4,6,2,5,0,0,0,0,0,0,0,6,2,4,5,0,0,0,0,0,0,4,2,6,5,0,0,0,0,0,1,3,2,4,5,6,0,0,0,0,0,0
// Aprendiz T.
4001,0,0,0,0,0,0,0,0,0,0
// Espadachim T.
4002,0,1,0,0,0,3,0,0,0,5,0,0,0,1,0,0,0,3,0,0,0,5,0,0,0,6,0,0,0,2,0,0,1,0,0,5,0,3,0,1,0,3,0,6,0,2,1,0,1,1
// Mago T.
4003,0,4,0,0,0,5,0,0,0,5,0,0,0,4,0,0,0,2,0,0,0,4,0,0,0,2,0,0,0,6,0,0,4,0,0,5,0,4,0,2,0,6,0,4,0,4,2,0,6,4
// Arqueiro T.
4004,0,5,0,0,0,1,0,0,0,4,0,0,0,5,0,0,0,5,0,0,0,6,0,0,0,2,0,0,0,5,0,0,2,0,0,5,0,1,0,1,0,5,0,6,0,3,4,0,2,5
// Noviço T.
4005,0,6,0,0,0,3,0,0,0,4,0,0,0,5,0,0,0,6,0,0,0,2,0,0,0,1,0,0,0,3,0,0,4,0,0,5,0,6,0,2,0,1,0,3,0,4,5,0,1,6
// Mercador T.
4006,0,3,0,0,0,5,0,0,0,1,0,0,0,5,0,0,0,3,0,0,0,1,0,0,0,4,0,0,0,3,0,0,0,0,0,6,0,5,0,1,2,5,0,1,0,6,3,0,1,5
// Gatuno T.
4007,0,2,0,0,0,1,0,0,0,5,0,0,0,3,0,0,0,4,0,0,0,5,0,0,0,6,0,0,0,1,0,0,2,0,0,1,0,2,0,6,0,5,0,3,0,6,1,0,5,2
// Lorde
4008,1,2,6,5,3,1,1,1,0,2,5,3,4,2,0,5,2,0,1,0,0,3,0,0,1,0,6,5,3,0,5,0,1,0,0,5,2,6,0,3,1,0,3,5,0,1,1,0,5,0,0,1,2,0,0,1,1,3,0,2,0,5,0,1,2,0,4,3,0,1
// Sumo Sacerdote
4009,4,0,2,3,1,0,4,2,0,0,4,1,5,0,0,5,0,0,2,4,1,3,4,4,0,5,0,5,2,3,1,0,0,4,0,0,5,1,0,6,0,2,5,0,1,5,4,0,6,3,3,0,0,0,2,5,4,3,0,1,4,5,0,0,2,4,3,2,0,4
// Arquimago
4010,4,5,3,0,4,0,0,2,5,4,0,6,0,4,0,0,5,2,4,1,0,5,5,4,0,2,0,4,3,0,5,4,0,2,0,0,4,4,4,1,6,0,5,0,0,4,3,0,4,2,0,0,3,0,4,2,6,0,4,1,5,4,0,0,2,3,5,0,2,4
// Mestre Ferreiro
4011,5,1,1,4,0,5,2,6,3,0,0,5,3,0,4,6,1,0,2,2,0,4,5,0,0,1,0,6,3,0,2,5,1,4,0,2,0,5,6,0,5,0,0,6,6,0,5,3,0,4,0,1,0,0,5,5,0,2,0,3,4,5,0,2,3,6,6,0,0,5
// Atirador de Elite
4012,5,2,5,5,4,2,0,1,0,2,2,3,0,6,0,5,5,0,0,4,2,5,0,1,6,5,0,2,0,5,6,3,2,0,5,6,0,2,0,5,0,4,2,0,1,5,0,2,0,6,5,0,0,4,3,0,6,2,0,5,1,6,0,0,4,0,0,0,5,6
// Algoz
4013,2,1,6,2,2,0,1,6,3,5,0,1,0,0,2,6,0,6,0,2,1,0,5,2,2,6,0,0,1,0,2,2,2,6,0,0,5,1,5,0,0,2,5,0,0,2,3,6,0,1,2,0,5,1,0,2,5,0,0,0,5,2,0,5,6,1,0,0,3,5
// Lorde (Montaria)
4014,1,2,6,5,3,1,1,1,0,2,5,3,4,2,0,5,2,0,1,0,0,3,0,0,1,0,6,5,3,0,5,0,1,0,0,5,2,6,0,3,1,0,3,5,0,1,1,0,5,0,0,1,2,0,0,1,1,3,0,2,0,5,0,1,2,0,4,3,0,1
// Paladino
4015,3,1,2,0,0,5,4,2,3,1,0,5,0,4,3,2,5,1,0,0,3,0,5,2,0,1,0,0,4,3,0,0,1,0,0,5,2,0,6,1,0,3,4,0,5,0,0,1,3,0,0,2,3,4,1,0,5,0,6,2,4,0,3,1,4,0,6,5,3,2
// Mestre
4016,1,4,3,2,0,5,0,0,1,0,4,2,6,0,3,5,1,0,0,2,2,5,0,3,0,0,1,0,2,5,0,0,4,6,0,0,1,5,3,0,0,3,0,5,2,6,4,1,0,5,0,2,5,0,0,4,0,3,1,5,0,2,0,4,1,1,5,3,4,2
// Professor
4017,4,4,2,0,1,0,3,5,0,0,4,2,0,4,0,5,0,1,0,5,6,4,2,3,0,5,1,0,5,4,0,2,0,5,0,1,5,4,3,0,4,0,2,0,1,5,0,0,4,2,0,5,0,2,5,1,4,0,0,2,0,5,3,4,0,6,0,4,2,4
// Desordeiro
4018,1,2,0,6,4,3,0,0,2,5,1,2,0,0,3,5,5,0,0,6,2,1,0,6,0,5,2,0,5,0,6,1,0,2,0,0,5,5,0,0,2,3,1,4,2,0,1,0,5,6,0,5,1,0,0,5,4,2,6,5,0,1,3,2,0,5,1,0,0,2
// Criador
4019,5,0,6,0,2,1,4,6,3,5,0,0,4,0,5,0,0,2,0,6,0,4,5,0,6,0,2,0,0,4,1,0,3,6,5,0,0,2,0,0,5,5,5,0,6,4,5,0,5,0,6,6,1,2,0,5,5,0,4,6,3,0,5,6,0,1,2,4,6,5
// Menestrel
4020,2,5,0,2,1,0,5,4,2,1,6,0,2,0,5,3,0,6,1,0,4,0,5,2,0,6,0,4,0,5,0,2,1,0,0,2,0,0,5,5,4,0,5,0,1,0,6,0,2,5,0,0,2,1,0,5,5,2,3,0,5,1,5,0,2,5,0,2,4,1
// Cigana
4021,5,1,0,2,0,1,0,4,5,0,2,2,2,5,5,0,3,5,0,1,0,0,5,5,2,4,6,5,0,0,2,0,5,0,1,0,0,2,4,0,5,0,5,0,5,0,2,0,5,1,0,2,4,3,0,0,2,5,0,4,2,2,6,0,5,1,2,0,5,2
// Paladino
4022,3,1,2,0,0,5,4,2,3,1,0,5,0,4,3,2,5,1,0,0,3,0,5,2,0,1,0,0,4,3,0,0,1,0,0,5,2,0,6,1,0,3,4,0,5,0,0,1,3,0,0,2,3,4,1,0,5,0,6,2,4,0,3,1,4,0,6,5,3,2
// Bebê Aprendiz
4023,0,0,0,0,0,0,0,0,0,0
// Bebê Espadachim
4024,0,1,0,0,0,3,0,0,0,5,0,0,0,1,0,0,0,3,0,0,0,5,0,0,0,6,0,0,0,2,0,0,1,0,0,5,0,3,0,1,0,3,0,6,0,2,1,0,1,1
// Bebê Mago
4025,0,4,0,0,0,5,0,0,0,5,0,0,0,4,0,0,0,2,0,0,0,4,0,0,0,2,0,0,0,6,0,0,4,0,0,5,0,4,0,2,0,6,0,4,0,4,2,0,6,4
// Bebê Arqueiro
4026,0,5,0,0,0,1,0,0,0,4,0,0,0,5,0,0,0,5,0,0,0,6,0,0,0,2,0,0,0,5,0,0,2,0,0,5,0,1,0,1,0,5,0,6,0,3,4,0,2,5
// Bebê Noviço
4027,0,6,0,0,0,3,0,0,0,4,0,0,0,5,0,0,0,6,0,0,0,2,0,0,0,1,0,0,0,3,0,0,4,0,0,5,0,6,0,2,0,1,0,3,0,4,5,0,1,6
// Bebê Mercador
4028,0,3,0,0,0,5,0,0,0,1,0,0,0,5,0,0,0,3,0,0,0,1,0,0,0,4,0,0,0,3,0,0,0,0,0,6,0,5,0,1,2,5,0,1,0,6,3,0,1,5
// Bebê Gatuno
4029,0,2,0,0,0,1,0,0,0,5,0,0,0,3,0,0,0,4,0,0,0,5,0,0,0,6,0,0,0,1,0,0,2,0,0,1,0,2,0,6,0,5,0,3,0,6,1,0,5,2
// Bebê Cavaleiro
4030,3,0,3,1,6,0,0,3,0,1,5,3,2,0,1,0,3,3,5,6,1,0,3,0,0,0,1,6,3,0,5,0,1,0,0,3,6,2,0,5,0,0,3,0,0,1,1,5,5,0
// Bebê Sacerdote
4031,6,0,6,1,0,2,3,4,4,6,1,0,0,3,5,0,1,0,0,5,6,4,0,0,5,0,1,0,2,0,6,5,0,3,1,3,2,0,6,0,0,4,4,0,3,0,0,2,0,6
// Bebê Bruxo
4032,4,5,0,4,5,2,0,0,4,2,0,1,5,0,6,0,0,4,0,0,0,4,0,2,0,5,0,0,4,0,4,5,4,2,0,6,0,3,5,4,2,0,2,0,4,2,2,4,0,4
// Bebê Ferreiro
4033,5,0,1,5,5,0,3,1,0,5,6,5,3,0,0,1,0,0,5,3,4,0,1,0,0,5,0,5,2,0,1,3,0,4,0,5,3,2,5,5,0,0,0,1,0,6,5,0,3,0
// Bebê Caçador
4034,5,0,4,5,1,0,6,5,0,1,1,2,0,5,6,0,3,0,2,2,5,3,0,0,0,0,5,0,6,0,2,0,5,4,0,0,0,5,2,0,4,6,5,1,0,4,2,0,5,0
// Bebê Mercenário
4035,2,2,2,4,0,3,0,3,5,0,1,0,0,4,2,2,2,2,2,2,2,0,0,5,1,0,1,0,0,5,5,1,0,0,0,0,0,4,0,5,5,4,0,0,1,5,0,1,0,5
// Bebê Cavaleiro (Montaria)
4036,3,0,3,1,6,0,0,3,0,1,5,3,2,0,1,0,3,3,5,6,1,0,3,0,0,0,1,6,3,0,5,0,1,0,0,3,6,2,0,5,0,0,3,0,0,1,1,5,5,0
// Bebê Templário
4037,6,6,6,6,6,0,1,0,4,0,1,3,0,5,3,0,1,0,0,4,4,3,1,0,1,0,0,5,0,2,0,1,0,5,4,2,0,4,0,3,3,0,0,4,0,3,0,1,0,3
// Bebê Monge
4038,1,1,0,5,2,0,3,0,0,2,0,1,1,0,6,4,0,2,0,3,2,5,2,0,3,1,1,0,0,5,0,6,3,0,2,0,0,4,0,6,3,0,5,2,0,3,0,0,1,1
// Bebê Sábio
4039,4,0,2,3,0,2,0,4,0,0,3,0,2,0,4,0,6,3,0,5,0,2,0,4,5,0,5,0,0,4,0,5,2,0,6,0,4,4,5,6,0,1,0,1,4,1,1,1,0,4
// Bebê Arruaceiro
4040,2,3,5,0,1,3,2,0,3,0,5,0,0,3,3,2,0,5,0,5,0,0,2,0,1,3,1,0,2,1,0,0,5,5,0,1,0,4,2,0,0,1,4,0,2,0,4,4,0,5
// Bebê Alquimista
4041,4,5,5,0,0,1,0,5,4,0,2,0,5,2,1,0,4,0,5,3,5,0,4,4,5,1,0,5,4,0,3,5,0,1,0,3,0,4,0,2,0,0,1,0,2,0,0,0,2,2
// Bebê Bardo
4042,5,2,1,0,4,6,5,0,6,2,2,0,4,0,5,5,3,0,5,6,4,0,0,2,0,0,0,1,0,2,0,5,3,0,2,0,0,5,0,4,6,0,3,0,0,5,4,2,0,5
// Bebê Odalisca
4043,6,2,1,0,4,5,6,0,5,2,2,0,4,0,6,5,3,0,6,5,4,0,0,2,0,0,0,1,0,2,0,6,3,0,2,0,0,6,0,4,5,0,3,0,0,6,4,2,0,6
// Bebê Templário (Montaria)
4044,6,6,6,6,6,0,1,0,4,0,1,3,0,5,3,0,1,0,0,4,4,3,1,0,1,0,0,5,0,2,0,1,0,5,0,2,0,4,0,3,3,0,0,4,0,3,0,1,0,3
// Bebê Super Aprendiz
4045,1,0,2,0,3,0,4,0,5,0,6,0,1,0,2,0,3,0,4,0,5,0,6,0,1,0,2,0,3,0,4,0,5,0,6,0,1,0,2,0,3,0,4,0,5,0,6,0,1,0,0,2,0,0,0,3,0,0,0,4,0,0,0,5,0,0,0,6,0,0,0,0,0,0,0,0,0,0,0,0,0,0,0,0,0,0,0,0,0,0,0,0,0,0,0,0,0,0,0
// Taekwon
4046,1,1,1,1,1,1,0,0,0,5,5,5,5,5,5,0,0,0,0,2,2,2,2,2,2,0,0,0,0,0,0,0,0,0,0,0,0,0,0,0,0,0,0,0,0,0,0,0,0,0
// Mestre Taekwon
4047,1,1,1,1,1,1,1,1,1,1,1,1,0,0,0,0,0,0,0,5,5,5,5,5,5,0,0,0,0,0,0,0,0,0,0,0,0,0,2,2,2,2,2,2,2,2,2,2,2,2
// Mestre Taekwon (Voando)
4048,1,1,1,1,1,1,1,1,1,1,1,1,0,0,0,0,0,0,0,5,5,5,5,5,5,0,0,0,0,0,0,0,0,0,0,0,0,0,2,2,2,2,2,2,2,2,2,2,2,2
// Espiritualista
4049,4,4,4,4,4,4,4,4,4,4,4,4,0,0,0,0,0,0,0,3,3,3,3,3,3,0,0,0,0,0,0,0,0,0,0,0,0,0,5,5,5,5,5,5,5,5,5,5,5,5
// Cavaleiro Rúnico
//4054,4,4,5,3,4,0,0,0,0,1,1,4,4,3,5,0,0,0,5,2,2,4,3,5,0,0,0,0,0,4,5,3,0,0,0,0,0,0,4,5,2,0,0,5,0,4,6,6,6,4
// Arcano
//4055,4,4,5,0,0,5,4,2,0,0,0,0,5,0,3,0,0,3,5,2,0,0,4,3,3,0,0,5,2,0,6,0,0,1,4,4,0,0,5,2,4,0,0,4,4,0,2,0,0,4
// Sentinela
//4056,5,4,4,2,0,0,2,5,4,0,0,3,3,3,0,0,5,2,0,0,4,3,5,0,0,1,1,0,0,5,2,3,0,0,0,4,4,4,2,0,0,0,2,5,2,0,0,0,4,2
// Arcebispo
//4057,4,0,3,0,5,0,4,4,0,3,3,0,0,5,5,0,0,1,1,0,0,4,0,1,0,2,2,1,0,0,0,4,0,3,0,5,0,2,2,4,4,0,0,5,3,1,0,0,4,5
// Mecânico
//4058,6,1,0,0,1,0,6,2,5,4,0,0,4,6,0,0,2,0,3,3,4,5,0,0,3,6,0,0,3,0,1,1,3,6,0,0,4,4,0,0,0,3,3,1,1,0,0,5,2,0
// Sicário
//4059,2,5,0,1,1,0,0,0,1,2,5,0,0,3,3,1,0,0,3,1,0,0,2,2,5,0,0,4,4,1,3,0,0,0,2,5,5,0,0,0,4,3,2,2,0,0,0,4,5,5
// Cavaleiro Rúnico (Transcedental)
//4060,4,4,5,3,4,0,0,0,0,1,1,4,4,3,5,0,0,0,5,2,2,4,3,5,0,0,0,0,0,4,5,3,1,0,0,0,0,0,4,5,2,0,0,5,3,4,6,6,6,4
// Arcano (Transcedental)
//4061,4,4,5,0,0,5,4,2,0,0,0,0,5,0,3,0,0,3,5,2,0,0,4,3,3,0,0,5,2,0,6,0,0,1,4,4,0,0,5,2,4,0,0,4,4,0,2,0,0,4
// Sentinela (Transcedental)
//4062,5,4,4,2,0,0,2,5,4,0,0,3,3,3,0,0,5,2,0,0,4,3,5,0,0,1,1,0,0,5,2,3,0,0,0,4,4,4,2,0,0,0,2,5,2,0,0,0,4,2
// Arcebispo (Transcedental)
//4063,4,0,3,0,5,0,4,4,0,3,3,0,0,5,5,0,0,1,1,0,0,4,0,1,0,2,2,1,0,0,0,4,0,3,0,5,0,2,2,4,4,0,0,5,3,1,0,0,4,5
// Mecânico (Transcedental)
//4064,6,1,0,0,1,0,6,2,5,4,0,0,4,6,0,0,2,0,3,3,4,5,0,0,3,6,0,0,3,0,1,1,3,6,0,0,4,4,0,0,0,3,3,1,1,0,0,5,2,0
// Sicário (Transcedental)
//4065,2,5,0,1,1,0,0,0,1,2,5,0,0,3,3,1,0,0,3,1,0,0,2,2,5,0,0,4,4,1,3,0,0,0,2,5,5,0,0,0,4,3,2,2,0,0,0,4,5,5
// Guardião Real
//4066,5,5,5,5,5,0,0,0,2,2,2,2,2,0,0,0,1,1,1,1,1,0,0,0,0,6,6,6,6,6,0,0,0,0,0,3,3,3,3,3,0,0,0,0,0,4,4,4,4,4
// Feiticeiro
//4067,4,4,5,3,4,0,0,0,0,1,1,4,4,3,5,0,0,0,5,2,2,4,3,5,0,0,0,0,0,4,5,3,1,0,0,0,0,0,4,5,2,0,0,5,3,4,6,6,6,4
// Trovador
//4068,4,0,3,0,5,0,0,4,0,3,3,0,0,5,5,0,0,1,1,0,0,4,0,1,0,2,2,1,0,0,0,4,0,3,0,5,0,2,0,4,4,0,0,5,3,1,0,0,4,5
// Musa
//4069,5,4,4,2,0,0,2,5,4,0,0,3,3,3,0,0,5,2,0,0,4,3,5,0,0,1,1,0,0,5,2,3,0,0,0,4,4,4,2,0,0,0,2,5,2,0,0,0,4,2
// Shura
//4070,2,5,0,1,1,0,0,0,1,2,5,0,0,3,3,1,0,0,3,1,0,0,2,2,5,0,0,4,4,1,3,0,0,0,2,5,5,0,0,0,4,3,2,2,0,0,0,4,5,5
// Bioquímico
//4071,4,4,5,0,0,5,4,2,0,0,0,4,5,0,0,0,0,3,5,2,0,0,4,3,3,0,0,5,2,0,6,0,0,1,4,4,0,0,5,2,4,0,0,4,4,0,2,0,0,4
// Renegado
//4072,6,1,0,0,1,0,6,2,5,4,0,0,4,6,0,0,2,0,3,3,4,5,0,0,3,6,0,0,3,0,1,1,3,6,0,0,4,4,0,0,0,3,3,1,1,0,0,5,2,0
// Guardião Real (Transcedental)
//4073,5,5,5,5,5,0,0,0,2,2,2,2,2,0,0,0,1,1,1,1,1,0,0,0,0,6,6,6,6,6,0,0,0,0,0,3,3,3,3,3,0,0,0,0,0,4,4,4,4,4
// Feiticeiro (Transcedental)
//4074,4,4,5,3,4,0,0,0,0,1,1,4,4,3,5,0,0,0,5,2,2,4,3,5,0,0,0,0,0,4,5,3,1,0,0,0,0,0,4,5,2,0,0,5,3,4,6,6,6,4
// Trovador (Transcedental)
//4075,4,0,3,0,5,0,0,4,0,3,3,0,0,5,5,0,0,1,1,0,0,4,0,1,0,2,2,1,0,0,0,4,0,3,0,5,0,2,0,4,4,0,0,5,3,1,0,0,4,5
// Musa (Transcedental)
//4076,5,4,4,2,0,0,2,5,4,0,0,3,3,3,0,0,5,2,0,0,4,3,5,0,0,1,1,0,0,5,2,3,0,0,0,4,4,4,2,0,0,0,2,5,2,0,0,0,4,2
// Shura (Transcedental)
//4077,2,5,0,1,1,0,0,0,1,2,5,0,0,3,3,1,0,0,3,1,0,0,2,2,5,0,0,4,4,1,3,0,0,0,2,5,5,0,0,0,4,3,2,2,0,0,0,4,5,5
// Bioquímico (Transcedental)
//4078,4,4,5,0,0,5,4,2,0,0,0,4,5,0,3,0,0,0,5,2,0,0,4,3,3,0,0,5,2,0,6,0,0,1,4,4,0,0,5,2,4,0,0,4,4,0,2,0,0,4
// Renegado (Transcedental)
//4079,6,1,0,0,1,0,6,2,5,4,0,0,4,6,0,0,2,0,3,3,4,5,0,0,3,6,0,0,3,0,1,1,3,6,0,0,4,4,0,0,0,3,3,1,1,0,0,5,2,0
// Cavaleiro Rúnico (Montaria)
//4080,4,4,5,3,4,0,0,0,0,1,1,4,4,3,5,0,0,0,5,2,2,4,3,5,0,0,0,0,0,4,5,3,0,0,0,0,0,0,4,5,2,0,0,5,0,4,6,6,6,4
// Cavaleiro Rúnico (Montaria - Transcedental)
//4081,4,4,5,3,4,0,0,0,0,1,1,4,4,3,5,0,0,0,5,2,2,4,3,5,0,0,0,0,0,4,5,3,0,0,0,0,0,0,4,5,2,0,0,5,0,4,6,6,6,4
// Guardião Real (Montaria)
//4082,5,5,5,5,5,0,0,0,2,2,2,2,2,0,0,0,1,1,1,1,1,0,0,0,0,6,6,6,6,6,0,0,0,0,0,3,3,3,3,3,0,0,0,0,0,4,4,4,4,4
// Guardião Real (Montaria - Transcedental)
//4083,5,5,5,5,5,0,0,0,2,2,2,2,2,0,0,0,1,1,1,1,1,0,0,0,0,6,6,6,6,6,0,0,0,0,0,3,3,3,3,3,0,0,0,0,0,4,4,4,4,4
// Sentinela (Montaria)
//4084,5,4,4,2,0,0,2,5,4,0,0,3,3,3,0,0,5,2,0,0,4,3,5,0,0,1,1,0,0,5,2,3,0,0,0,4,4,4,2,0,0,0,2,5,2,0,0,0,4,2
// Sentinela (Montaria - Transcedental)
//4085,5,4,4,2,0,0,2,5,4,0,0,3,3,3,0,0,5,2,0,0,4,3,5,0,0,1,1,0,0,5,2,3,0,0,0,4,4,4,2,0,0,0,2,5,2,0,0,0,4,2
// Cavaleiro Rúnico Bebê
//4096,4,4,5,3,4,0,0,0,0,1,1,4,4,3,5,0,0,0,5,2,2,4,3,5,0,0,0,0,0,4,5,3,0,0,0,0,0,0,4,5,2,0,0,5,0,4,6,6,6,4
// Arcano Bebê
//4097,4,4,5,0,0,5,4,2,0,0,0,0,5,0,3,0,0,3,5,2,0,0,4,3,3,0,0,5,2,0,6,0,0,1,4,4,0,0,5,2,4,0,0,4,4,0,2,0,0,4
// Sentinela Bebê
//4098,5,4,4,2,0,0,2,5,4,0,0,3,3,3,0,0,5,2,0,0,4,3,5,0,0,1,1,0,0,5,2,3,0,0,0,4,4,4,2,0,0,0,2,5,2,0,0,0,4,2
// Arcebispo Bebê
//4099,4,0,3,0,5,0,4,4,0,3,3,0,0,5,5,0,0,1,1,0,0,4,0,1,0,2,2,1,0,0,0,4,0,3,0,5,0,2,2,4,4,0,0,5,3,1,0,0,4,5
// Mecânico Bebê
//4100,6,1,0,0,1,0,6,2,5,4,0,0,4,6,0,0,2,0,3,3,4,5,0,0,3,6,0,0,3,0,1,1,3,6,0,0,4,4,0,0,0,3,3,1,1,0,0,5,2,0
// Sicário Bebê
//4101,2,5,0,1,1,0,0,0,1,2,5,0,0,3,3,1,0,0,3,1,0,0,2,2,5,0,0,4,4,1,3,0,0,0,2,5,5,0,0,0,4,3,2,2,0,0,0,4,5,5
// Guardião Real Bebê
//4102,5,5,5,5,5,0,0,0,2,2,2,2,2,0,0,0,1,1,1,1,1,0,0,0,0,6,6,6,6,6,0,0,0,0,0,3,3,3,3,3,0,0,0,0,0,4,4,4,4,4
// Feiticeiro Bebê
//4103,4,4,5,3,4,0,0,0,0,1,1,4,4,3,5,0,0,0,5,2,2,4,3,5,0,0,0,0,0,4,5,3,1,0,0,0,0,0,4,5,2,0,0,5,3,4,6,6,6,4
// Trovador Bebê
//4104,4,0,3,0,5,0,0,4,0,3,3,0,0,5,5,0,0,1,1,0,0,4,0,1,0,2,2,1,0,0,0,4,0,3,0,5,0,2,0,4,4,0,0,5,3,1,0,0,4,5
// Musa Bebê
//4105,5,4,4,2,0,0,2,5,4,0,0,3,3,3,0,0,5,2,0,0,4,3,5,0,0,1,1,0,0,5,2,3,0,0,0,4,4,4,2,0,0,0,2,5,2,0,0,0,4,2
// Shura Bebê
//4106,2,5,0,1,1,0,0,0,1,2,5,0,0,3,3,1,0,0,3,1,0,0,2,2,5,0,0,4,4,1,3,0,0,0,2,5,5,0,0,0,4,3,2,2,0,0,0,4,5,5
// Bioquímico Bebê
//4107,4,4,5,0,0,5,4,2,0,0,0,4,5,0,0,0,0,3,5,2,0,0,4,3,3,0,0,5,2,0,6,0,0,1,4,4,0,0,5,2,4,0,0,4,4,0,2,0,0,4
// Renegado Bebê
//4108,6,1,0,0,1,0,6,2,5,4,0,0,4,6,0,0,2,0,3,3,4,5,0,0,3,6,0,0,3,0,1,1,3,6,0,0,4,4,0,0,0,3,3,1,1,0,0,5,2,0
// Cavaleiro Rúnico (Montaria)
//4109,4,4,5,3,4,0,0,0,0,1,1,4,4,3,5,0,0,0,5,2,2,4,3,5,0,0,0,0,0,4,5,3,0,0,0,0,0,0,4,5,2,0,0,5,0,4,6,6,6,4
// Guardião Real Bebê (Montaria)
//4110,5,5,5,5,5,0,0,0,2,2,2,2,2,0,0,0,1,1,1,1,1,0,0,0,0,6,6,6,6,6,0,0,0,0,0,3,3,3,3,3,0,0,0,0,0,4,4,4,4,4
// Sentinela Bebê (Montaria)
//4111,5,4,4,2,0,0,2,5,4,0,0,3,3,3,0,0,5,2,0,0,4,3,5,0,0,1,1,0,0,5,2,3,0,0,0,4,4,4,2,0,0,0,2,5,2,0,0,0,4,2
// Super Aprendiz (Evolução)
//4190,1,0,2,0,3,0,4,0,5,0,6,0,1,0,2,0,3,0,4,0,5,0,6,0,1,0,2,0,3,0,4,0,5,0,6,0,1,0,2,0,3,0,4,0,5,0,6,0,1,0,0,2,0,0,0,3,0,0,0,4,0,0,0,5,0,0,0,6,0,0,0,0,0,0,0,0,0,0,0,0,0,0,0,0,0,0,0,0,0,0,0,0,0,0,0,0,0,0,0
// Bebê Super Aprendiz (Evolução)
//4191,1,0,2,0,3,0,4,0,5,0,6,0,1,0,2,0,3,0,4,0,5,0,6,0,1,0,2,0,3,0,4,0,5,0,6,0,1,0,2,0,3,0,4,0,5,0,6,0,1,0,0,2,0,0,0,3,0,0,0,4,0,0,0,5,0,0,0,6,0,0,0,0,0,0,0,0,0,0,0,0,0,0,0,0,0,0,0,0,0,0,0,0,0,0,0,0,0,0,0