// Skill Requirements Database
//
// Structure of Database:
// SkillID,HPCost,MaxHPTrigger,SPCost,HPRateCost,SPRateCost,ZenyCost,RequiredWeapons,RequiredAmmoTypes,RequiredAmmoAmount,RequiredState,SpiritSphereCost,RequiredItemID1,RequiredItemAmount1,RequiredItemID2,RequiredItemAmount2,RequiredItemID3,RequiredItemAmount3,RequiredItemID4,RequiredItemAmount4,RequiredItemID5,RequiredItemAmount5,RequiredItemID6,RequiredItemAmount6,RequiredItemID7,RequiredItemAmount7,RequiredItemID8,RequiredItemAmount8,RequiredItemID9,RequiredItemAmount9,RequiredItemID10,RequiredItemAmount10
//
// If HP/SPratecost is positive, it is a percent of your current life, otherwise it is a percent of your max life.
//
// Legend for 'RequiredState' field:
//  none = Nothing special
//  move_enable = Requires to be able to move
//  recover_weight_rate = Requires to be less than 50% weight
//  water = Requires to be standing on a water cell
//  cart = Requires a Pushcart
//  riding = Requires to ride a Peco
//  falcon = Requires a Falcon
//  sight = Requires Sight skill activated
//  hiding = Requires Hiding skill activated
//  cloaking = Requires Cloaking skill activated
//  explosionspirits = Requires Fury skill activated
//  cartboost = Requires a Pushcart and Cart Boost skill activated
//  shield = Requires a 0,shield equipped

//
5,0,0,8:8:8:8:8:15:15:15:15:15,0,0,0,0:1:2:3:4:5:6:7:8:9:10:12:13:14:15:16:17:18:19:20:21:22,0,0,none,0,0,0,0,0,0,0,0,0,0,0,0,0,0,0,0,0,0,0,0,0 //SM_BASH#Golpe Fulminante# 
6,0,0,4:5:6:7:8:9:10:11:12:13,0,0,0,99,0,0,none,0,0,0,0,0,0,0,0,0,0,0,0,0,0,0,0,0,0,0,0,0 //SM_PROVOKE#Provocar# 
7,20:20:19:19:18:18:17:17:16:16,0,30,0,0,0,99,0,0,none,0,0,0,0,0,0,0,0,0,0,0,0,0,0,0,0,0,0,0,0,0 //SM_MAGNUM#Impacto Explosivo# 
8,0,0,10,0,0,0,99,0,0,none,0,0,0,0,0,0,0,0,0,0,0,0,0,0,0,0,0,0,0,0,0 //SM_ENDURE#Vigor# 

10,0,0,10,0,0,0,99,0,0,none,0,0,0,0,0,0,0,0,0,0,0,0,0,0,0,0,0,0,0,0,0 //MG_SIGHT#Chama Reveladora# 
11,0,0,9:9:9:12:12:12:15:15:15:18,0,0,0,99,0,0,none,0,0,0,0,0,0,0,0,0,0,0,0,0,0,0,0,0,0,0,0,0 //MG_NAPALMBEAT#Ataque Espiritual# 
12,0,0,30:30:30:35:35:35:40:40:40:40,0,0,0,99,0,0,none,0,717,1,0,0,0,0,0,0,0,0,0,0,0,0,0,0,0,0,0,0 //MG_SAFETYWALL#Escudo Mágico# 
13,0,0,18:14:24:20:30:26:36:32:42:38,0,0,0,99,0,0,none,0,0,0,0,0,0,0,0,0,0,0,0,0,0,0,0,0,0,0,0,0 //MG_SOULSTRIKE#Espíritos Anciões# 
14,0,0,12:14:16:18:20:22:24:26:28:30,0,0,0,99,0,0,none,0,0,0,0,0,0,0,0,0,0,0,0,0,0,0,0,0,0,0,0,0 //MG_COLDBOLT#Lanças de Gelo# 
15,0,0,25:24:23:22:21:20:19:18:17:16,0,0,0,99,0,0,none,0,0,0,0,0,0,0,0,0,0,0,0,0,0,0,0,0,0,0,0,0 //MG_FROSTDIVER#Rajada Congelante# 
16,0,0,25:24:23:22:21:20:19:18:17:16,0,0,0,99,0,0,none,0,716,1,0,0,0,0,0,0,0,0,0,0,0,0,0,0,0,0,0,0 //MG_STONECURSE#Petrificar# 
17,0,0,25,0,0,0,99,0,0,none,0,0,0,0,0,0,0,0,0,0,0,0,0,0,0,0,0,0,0,0,0 //MG_FIREBALL#Bolas de Fogo# 
18,0,0,40,0,0,0,99,0,0,none,0,0,0,0,0,0,0,0,0,0,0,0,0,0,0,0,0,0,0,0,0 //MG_FIREWALL#Barreira de Fogo# 
19,0,0,12:14:16:18:20:22:24:26:28:30,0,0,0,99,0,0,none,0,0,0,0,0,0,0,0,0,0,0,0,0,0,0,0,0,0,0,0,0 //MG_FIREBOLT#Lanças de Fogo# 
20,0,0,12:14:16:18:20:22:24:26:28:30,0,0,0,99,0,0,none,0,0,0,0,0,0,0,0,0,0,0,0,0,0,0,0,0,0,0,0,0 //MG_LIGHTNINGBOLT#Relâmpago# 
21,0,0,29:34:39:44:49:54:59:64:69:74,0,0,0,99,0,0,none,0,0,0,0,0,0,0,0,0,0,0,0,0,0,0,0,0,0,0,0,0 //MG_THUNDERSTORM#Tempestade de Raios# 

24,0,0,10,0,0,0,99,0,0,none,0,0,0,0,0,0,0,0,0,0,0,0,0,0,0,0,0,0,0,0,0 //AL_RUWACH#Revelação# 
25,0,0,10,0,0,0,99,0,0,none,0,0,0,0,0,0,0,0,0,0,0,0,0,0,0,0,0,0,0,0,0 //AL_PNEUMA#Escudo Sagrado# 
26,0,0,10:9,0,0,0,99,0,0,none,0,0,0,0,0,0,0,0,0,0,0,0,0,0,0,0,0,0,0,0,0 //AL_TELEPORT#Teleporte# 
27,0,0,35:32:29:26,0,0,0,99,0,0,none,0,717,1,0,0,0,0,0,0,0,0,0,0,0,0,0,0,0,0,0,0 //AL_WARP#Portal# 
28,0,0,13:16:19:22:25:28:31:34:37:40,0,0,0,99,0,0,none,0,0,0,0,0,0,0,0,0,0,0,0,0,0,0,0,0,0,0,0,0 //AL_HEAL#Curar# 
29,15,0,18:21:24:27:30:33:36:39:42:45,0,0,0,99,0,0,none,0,0,0,0,0,0,0,0,0,0,0,0,0,0,0,0,0,0,0,0,0 //AL_INCAGI#Aumentar Agilidade# 
30,0,0,15:17:19:21:23:25:27:29:31:33,0,0,0,99,0,0,none,0,0,0,0,0,0,0,0,0,0,0,0,0,0,0,0,0,0,0,0,0 //AL_DECAGI#Diminuir Agilidade# 
31,0,0,10,0,0,0,99,0,0,water,0,0,0,0,0,0,0,0,0,0,0,0,0,0,0,0,0,0,0,0,0 //AL_HOLYWATER#Aqua Benedicta# 
32,0,0,35,0,0,0,99,0,0,none,0,0,0,0,0,0,0,0,0,0,0,0,0,0,0,0,0,0,0,0,0 //AL_CRUCIS#Signum Crusis# 
33,0,0,23:26:29:32:35:38:41:44:47:50,0,0,0,99,0,0,none,0,0,0,0,0,0,0,0,0,0,0,0,0,0,0,0,0,0,0,0,0 //AL_ANGELUS#Angelus# 
34,0,0,28:32:36:40:44:48:52:56:60:64,0,0,0,99,0,0,none,0,0,0,0,0,0,0,0,0,0,0,0,0,0,0,0,0,0,0,0,0 //AL_BLESSING#Bênção# 
35,0,0,15,0,0,0,99,0,0,none,0,0,0,0,0,0,0,0,0,0,0,0,0,0,0,0,0,0,0,0,0 //AL_CURE#Medicar# 

40,0,0,10,0,0,0,99,0,0,none,0,0,0,0,0,0,0,0,0,0,0,0,0,0,0,0,0,0,0,0,0 //MC_IDENTIFY#Identificar Item# 
41,0,0,30,0,0,0,99,0,0,cart,0,0,0,0,0,0,0,0,0,0,0,0,0,0,0,0,0,0,0,0,0 //MC_VENDING#Comércio# 
42,0,0,5,0,0,100:200:300:400:500:600:700:800:900:1000,99,0,0,none,0,0,0,0,0,0,0,0,0,0,0,0,0,0,0,0,0,0,0,0,0 //MC_MAMMONITE#Mammonita# 

45,0,0,25:30:35:40:45:50:55:60:65:70,0,0,0,99,0,0,none,0,0,0,0,0,0,0,0,0,0,0,0,0,0,0,0,0,0,0,0,0 //AC_CONCENTRATION#Concentração# 
46,0,0,12,0,0,0,11,1,1,none,0,0,0,0,0,0,0,0,0,0,0,0,0,0,0,0,0,0,0,0,0 //AC_DOUBLE#Rajada de Flechas# 
47,0,0,15,0,0,0,11,1,1,none,0,0,0,0,0,0,0,0,0,0,0,0,0,0,0,0,0,0,0,0,0 //AC_SHOWER#Chuva de Flechas# 

50,0,0,10,0,0,0,99,0,0,none,0,0,0,0,0,0,0,0,0,0,0,0,0,0,0,0,0,0,0,0,0 //TF_STEAL#Furto# 
51,0,0,10,0,0,0,99,0,0,none,0,0,0,0,0,0,0,0,0,0,0,0,0,0,0,0,0,0,0,0,0 //TF_HIDING#Esconderijo# 
52,0,0,12,0,0,0,99,0,0,none,0,0,0,0,0,0,0,0,0,0,0,0,0,0,0,0,0,0,0,0,0 //TF_POISON#Envenenar# 
53,0,0,10,0,0,0,99,0,0,none,0,0,0,0,0,0,0,0,0,0,0,0,0,0,0,0,0,0,0,0,0 //TF_DETOXIFY#Desintoxicar# 
54,0,0,60,0,0,0,99,0,0,none,0,717,1,0,0,0,0,0,0,0,0,0,0,0,0,0,0,0,0,0,0 //ALL_RESURRECTION#Ressuscitar# 

56,0,0,7,0,0,0,4:5,0,0,none,0,0,0,0,0,0,0,0,0,0,0,0,0,0,0,0,0,0,0,0,0 //KN_PIERCE#Perfurar# 
57,0,0,12,0,0,0,4:5,0,0,riding,0,0,0,0,0,0,0,0,0,0,0,0,0,0,0,0,0,0,0,0,0 //KN_BRANDISHSPEAR#Brandir Lança# 
58,0,0,9,0,0,0,4:5,0,0,none,0,0,0,0,0,0,0,0,0,0,0,0,0,0,0,0,0,0,0,0,0 //KN_SPEARSTAB#Estocada# 
59,0,0,10,0,0,0,4:5,0,0,none,0,0,0,0,0,0,0,0,0,0,0,0,0,0,0,0,0,0,0,0,0 //KN_SPEARBOOMERANG#Lança Bumerangue# 
60,0,0,14:18:22:26:30:34:38:42:46:50,0,0,0,3,0,0,none,0,0,0,0,0,0,0,0,0,0,0,0,0,0,0,0,0,0,0,0,0 //KN_TWOHANDQUICKEN#Rapidez com Duas Mãos# 
61,0,0,3,0,0,0,0:1:2:3:4:5:6:7:8:9:10:12:13:14:15:16:17:18:19:20:21:22,0,0,none,0,0,0,0,0,0,0,0,0,0,0,0,0,0,0,0,0,0,0,0,0 //KN_AUTOCOUNTER#Contra-Ataque# 
62,0,0,13:14:15:16:17:18:19:20:21:22,0,0,0,99,0,0,none,0,0,0,0,0,0,0,0,0,0,0,0,0,0,0,0,0,0,0,0,0 //KN_BOWLINGBASH#Impacto de Tyr# 

66,0,0,13:16:19:22:25,0,0,0,99,0,0,none,0,0,0,0,0,0,0,0,0,0,0,0,0,0,0,0,0,0,0,0,0 //PR_IMPOSITIO#Impositio Manus# 
67,0,0,8,0,0,0,99,0,0,none,0,0,0,0,0,0,0,0,0,0,0,0,0,0,0,0,0,0,0,0,0 //PR_SUFFRAGIUM#Suffragium# 
68,0,0,14:18:22:26:30,0,0,0,99,0,0,none,0,523,1,0,0,0,0,0,0,0,0,0,0,0,0,0,0,0,0,0,0 //PR_ASPERSIO#Aspersio# 
69,0,0,20,0,0,0,99,0,0,none,0,0,0,0,0,0,0,0,0,0,0,0,0,0,0,0,0,0,0,0,0 //PR_BENEDICTIO#B.S. Sacramenti# 
70,0,0,15:18:21:24:27:30:33:36:39:42,0,0,0,99,0,0,none,0,717,1,0,0,0,0,0,0,0,0,0,0,0,0,0,0,0,0,0,0 //PR_SANCTUARY#Santuário# 
71,0,0,6:8:10:12,0,0,0,99,0,0,none,0,0,0,0,0,0,0,0,0,0,0,0,0,0,0,0,0,0,0,0,0 //PR_SLOWPOISON#Retardar Veneno# 
72,0,0,5,0,0,0,99,0,0,none,0,0,0,0,0,0,0,0,0,0,0,0,0,0,0,0,0,0,0,0,0 //PR_STRECOVERY#Graça Divina# 
73,0,0,20:20:20:25:25:25:30:30:30:35,0,0,0,99,0,0,none,0,0,0,0,0,0,0,0,0,0,0,0,0,0,0,0,0,0,0,0,0 //PR_KYRIE#Kyrie Eleison# 
74,0,0,40,0,0,0,99,0,0,none,0,0,0,0,0,0,0,0,0,0,0,0,0,0,0,0,0,0,0,0,0 //PR_MAGNIFICAT#Magnificat# 
75,0,0,20,0,0,0,99,0,0,none,0,0,0,0,0,0,0,0,0,0,0,0,0,0,0,0,0,0,0,0,0 //PR_GLORIA#Gloria# 
76,0,0,20:20:20:20:20:18:16:14:12:10,0,0,0,99,0,0,none,0,0,0,0,0,0,0,0,0,0,0,0,0,0,0,0,0,0,0,0,0 //PR_LEXDIVINA#Lex Divina# 
77,0,0,20,0,0,0,99,0,0,none,0,0,0,0,0,0,0,0,0,0,0,0,0,0,0,0,0,0,0,0,0 //PR_TURNUNDEAD#Esconjurar# 
78,0,0,10,0,0,0,99,0,0,none,0,0,0,0,0,0,0,0,0,0,0,0,0,0,0,0,0,0,0,0,0 //PR_LEXAETERNA#Lex Aeterna# 
79,0,0,40:42:44:46:48:50:52:54:56:58,0,0,0,99,0,0,none,0,717,1,0,0,0,0,0,0,0,0,0,0,0,0,0,0,0,0,0,0 //PR_MAGNUS#Magnus Exorcismus# 
80,0,0,75,0,0,0,99,0,0,none,0,717,1,0,0,0,0,0,0,0,0,0,0,0,0,0,0,0,0,0,0 //WZ_FIREPILLAR#Coluna de Fogo# 
81,0,0,35:37:39:41:43:45:47:49:51:53,0,0,0,99,0,0,sight,0,0,0,0,0,0,0,0,0,0,0,0,0,0,0,0,0,0,0,0,0 //WZ_SIGHTRASHER#Supernova# 
//
83,0,0,20:24:30:34:40:44:50:54:60:64,0,0,0,99,0,0,none,0,0,0,0,0,0,0,0,0,0,0,0,0,0,0,0,0,0,0,0,0 //WZ_METEOR#Chuva de Meteoros# 
84,0,0,20:23:26:29:32:35:38:41:44:47,0,0,0,99,0,0,none,0,0,0,0,0,0,0,0,0,0,0,0,0,0,0,0,0,0,0,0,0 //WZ_JUPITEL#Trovão de Júpiter# 
85,0,0,60:64:68:72:76:80:84:88:92:96,0,0,0,99,0,0,none,0,0,0,0,0,0,0,0,0,0,0,0,0,0,0,0,0,0,0,0,0 //WZ_VERMILION#Ira de Thor# 
86,0,0,15:20:20:25:25:25:25:25:25:25,0,0,0,99,0,0,water,0,0,0,0,0,0,0,0,0,0,0,0,0,0,0,0,0,0,0,0,0 //WZ_WATERBALL#Esfera d'Água# 
87,0,0,20,0,0,0,99,0,0,none,0,0,0,0,0,0,0,0,0,0,0,0,0,0,0,0,0,0,0,0,0 //WZ_ICEWALL#Barreira de Gelo# 
88,0,0,45:43:41:39:37:35:33:31:29:27,0,0,0,99,0,0,none,0,0,0,0,0,0,0,0,0,0,0,0,0,0,0,0,0,0,0,0,0 //WZ_FROSTNOVA#Congelar# 
89,0,0,78,0,0,0,99,0,0,none,0,0,0,0,0,0,0,0,0,0,0,0,0,0,0,0,0,0,0,0,0 //WZ_STORMGUST#Nevasca# 
90,0,0,12:14:16:18:20,0,0,0,99,0,0,none,0,0,0,0,0,0,0,0,0,0,0,0,0,0,0,0,0,0,0,0,0 //WZ_EARTHSPIKE#Coluna de Pedra# 
91,0,0,28:32:36:40:44,0,0,0,99,0,0,none,0,0,0,0,0,0,0,0,0,0,0,0,0,0,0,0,0,0,0,0,0 //WZ_HEAVENDRIVE#Fúria da Terra# 
92,0,0,5:10:15:20:25,0,0,0,99,0,0,none,0,0,0,0,0,0,0,0,0,0,0,0,0,0,0,0,0,0,0,0,0 //WZ_QUAGMIRE#Pântano dos Mortos# 
93,0,0,10,0,0,0,99,0,0,none,0,0,0,0,0,0,0,0,0,0,0,0,0,0,0,0,0,0,0,0,0 //WZ_ESTIMATION#Sentido Sobrenatural# 
//
108,0,0,30,0,0,0,99,0,0,none,0,0,0,0,0,0,0,0,0,0,0,0,0,0,0,0,0,0,0,0,0 //BS_REPAIRWEAPON#Consertar Armas# 
//
110,0,0,10,0,0,0,1:2:6:7:8,0,0,none,0,0,0,0,0,0,0,0,0,0,0,0,0,0,0,0,0,0,0,0,0 //BS_HAMMERFALL#Martelo de Thor# 
111,0,0,20:23:26:29:32,0,0,0,6:7:8,0,0,none,0,0,0,0,0,0,0,0,0,0,0,0,0,0,0,0,0,0,0,0,0 //BS_ADRENALINE#Adrenalina Pura# 
112,0,0,18:16:14:12:10,0,0,0,99,0,0,none,0,0,0,0,0,0,0,0,0,0,0,0,0,0,0,0,0,0,0,0,0 //BS_WEAPONPERFECT#Manejo Perfeito# 
113,0,0,18:16:14:12:10,0,0,0,99,0,0,none,0,0,0,0,0,0,0,0,0,0,0,0,0,0,0,0,0,0,0,0,0 //BS_OVERTHRUST#Força Violenta# 
114,0,0,10,0,0,0,99,0,0,none,0,0,0,0,0,0,0,0,0,0,0,0,0,0,0,0,0,0,0,0,0 //BS_MAXIMIZE#Amplificar Poder# 
115,0,0,10,0,0,0,99,0,0,none,0,1065,1,0,0,0,0,0,0,0,0,0,0,0,0,0,0,0,0,0,0 //HT_SKIDTRAP#Armadilha Escorregadia# 
116,0,0,10,0,0,0,99,0,0,none,0,1065,1,0,0,0,0,0,0,0,0,0,0,0,0,0,0,0,0,0,0 //HT_LANDMINE#Armadilha Atordoante# 
117,0,0,12,0,0,0,99,0,0,none,0,1065,1,0,0,0,0,0,0,0,0,0,0,0,0,0,0,0,0,0,0 //HT_ANKLESNARE#Instalar Armadilha# 
118,0,0,45,0,0,0,99,0,0,none,0,1065,2,0,0,0,0,0,0,0,0,0,0,0,0,0,0,0,0,0,0 //HT_SHOCKWAVE#Armadilha Extenuante# 
119,0,0,12,0,0,0,99,0,0,none,0,1065,1,0,0,0,0,0,0,0,0,0,0,0,0,0,0,0,0,0,0 //HT_SANDMAN#Armadilha Sonífera# 
120,0,0,12,0,0,0,99,0,0,none,0,1065,2,0,0,0,0,0,0,0,0,0,0,0,0,0,0,0,0,0,0 //HT_FLASHER#Armadilha Luminosa# 
121,0,0,10,0,0,0,99,0,0,none,0,1065,2,0,0,0,0,0,0,0,0,0,0,0,0,0,0,0,0,0,0 //HT_FREEZINGTRAP#Armadilha Congelante# 
122,0,0,10,0,0,0,99,0,0,none,0,1065,1,0,0,0,0,0,0,0,0,0,0,0,0,0,0,0,0,0,0 //HT_BLASTMINE#Instalar Mina# 
123,0,0,15,0,0,0,99,0,0,none,0,1065,2,0,0,0,0,0,0,0,0,0,0,0,0,0,0,0,0,0,0 //HT_CLAYMORETRAP#Armadilha Explosiva# 
124,0,0,5,0,0,0,99,0,0,none,0,0,0,0,0,0,0,0,0,0,0,0,0,0,0,0,0,0,0,0,0 //HT_REMOVETRAP#Remover Armadilha# 
125,0,0,1,0,0,0,99,0,0,none,0,1065,1,0,0,0,0,0,0,0,0,0,0,0,0,0,0,0,0,0,0 //HT_TALKIEBOX#Mensagem Secreta# 
//
129,0,0,10:13:16:19:22,0,0,0,99,0,0,falcon,0,0,0,0,0,0,0,0,0,0,0,0,0,0,0,0,0,0,0,0,0 //HT_BLITZBEAT#Ataque Aéreo# 
130,0,0,8,0,0,0,99,0,0,falcon,0,0,0,0,0,0,0,0,0,0,0,0,0,0,0,0,0,0,0,0,0 //HT_DETECTING#Alerta# 
131,0,0,10,0,0,0,99,0,0,falcon,0,0,0,0,0,0,0,0,0,0,0,0,0,0,0,0,0,0,0,0,0 //HT_SPRINGTRAP#Desativar Armadilha# 
//
135,0,0,15,0,0,0,99,0,0,none,0,0,0,0,0,0,0,0,0,0,0,0,0,0,0,0,0,0,0,0,0 //AS_CLOAKING#Furtividade# 
136,0,0,16:18:20:22:24:26:28:30:32:34,0,0,0,16,0,0,none,0,0,0,0,0,0,0,0,0,0,0,0,0,0,0,0,0,0,0,0,0 //AS_SONICBLOW#Lâminas Destruidoras# 
137,0,0,3,0,0,0,16,0,0,hiding,0,0,0,0,0,0,0,0,0,0,0,0,0,0,0,0,0,0,0,0,0 //AS_GRIMTOOTH#Tocaia# 
138,0,0,20,0,0,0,99,0,0,none,0,0,0,0,0,0,0,0,0,0,0,0,0,0,0,0,0,0,0,0,0 //AS_ENCHANTPOISON#Envenenar Arma# 
139,0,0,25:30:35:40:45:50:55:60:45:45,0,0,0,99,0,0,none,0,0,0,0,0,0,0,0,0,0,0,0,0,0,0,0,0,0,0,0,0 //AS_POISONREACT#Refletir Veneno# 
140,0,0,20,0,0,0,99,0,0,none,0,716,1,0,0,0,0,0,0,0,0,0,0,0,0,0,0,0,0,0,0 //AS_VENOMDUST#Névoa Tóxica# 
141,0,0,12:14:16:18:20:22:24:26:28:30,0,0,0,99,0,0,none,0,716,1,0,0,0,0,0,0,0,0,0,0,0,0,0,0,0,0,0,0 //AS_SPLASHER#Explosão Tóxica# 
142,0,0,3,0,0,0,99,0,0,none,0,0,0,0,0,0,0,0,0,0,0,0,0,0,0,0,0,0,0,0,0 //NV_FIRSTAID#Primeiros Socorros# 
143,0,0,5,0,0,0,99,0,0,none,0,0,0,0,0,0,0,0,0,0,0,0,0,0,0,0,0,0,0,0,0 //NV_TRICKDEAD#Fingir de Morto# 
//
146,0,0,1,0,0,0,99,0,0,none,0,0,0,0,0,0,0,0,0,0,0,0,0,0,0,0,0,0,0,0,0 //SM_AUTOBERSERK#Instinto de Sobrevivência# 
147,0,0,10,0,0,0,99,0,0,recover_weight_rate,0,0,0,0,0,0,0,0,0,0,0,0,0,0,0,0,0,0,0,0,0 //AC_MAKINGARROW#Fabricar Flechas# 
148,0,0,15,0,0,0,11,1,1,none,0,0,0,0,0,0,0,0,0,0,0,0,0,0,0,0,0,0,0,0,0 //AC_CHARGEARROW#Disparo Violento# 
149,0,0,9,0,0,0,99,0,0,none,0,0,0,0,0,0,0,0,0,0,0,0,0,0,0,0,0,0,0,0,0 //TF_SPRINKLESAND#Chutar Areia# 
150,0,0,7,0,0,0,99,0,0,none,0,0,0,0,0,0,0,0,0,0,0,0,0,0,0,0,0,0,0,0,0 //TF_BACKSLIDING#Recuar# 
151,0,0,3,0,0,0,99,0,0,recover_weight_rate,0,0,0,0,0,0,0,0,0,0,0,0,0,0,0,0,0,0,0,0,0 //TF_PICKSTONE#Procurar Pedras# 
152,0,0,2,0,0,0,99,0,0,none,0,7049,1,0,0,0,0,0,0,0,0,0,0,0,0,0,0,0,0,0,0 //TF_THROWSTONE#Arremessar Pedra# 
153,0,0,12,0,0,0,99,0,0,cart,0,0,0,0,0,0,0,0,0,0,0,0,0,0,0,0,0,0,0,0,0 //MC_CARTREVOLUTION#Cavalo-de-Pau# 
154,0,0,40,0,0,0,99,0,0,cart,0,0,0,0,0,0,0,0,0,0,0,0,0,0,0,0,0,0,0,0,0 //MC_CHANGECART#Personalizar Carrinho# 
155,0,0,8,0,0,0,99,0,0,none,0,0,0,0,0,0,0,0,0,0,0,0,0,0,0,0,0,0,0,0,0 //MC_LOUD#Grito de Guerra# 
156,0,0,15,0,0,0,99,0,0,none,0,0,0,0,0,0,0,0,0,0,0,0,0,0,0,0,0,0,0,0,0 //AL_HOLYLIGHT#Luz Divina# 
157,0,0,30,0,0,0,99,0,0,none,0,0,0,0,0,0,0,0,0,0,0,0,0,0,0,0,0,0,0,0,0 //MG_ENERGYCOAT#Proteção Arcana# 
//
211,0,0,15,0,0,0,99,0,0,none,0,0,0,0,0,0,0,0,0,0,0,0,0,0,0,0,0,0,0,0,0 //RG_STEALCOIN#Afanar# 
212,0,0,16,0,0,0,99,0,0,none,0,0,0,0,0,0,0,0,0,0,0,0,0,0,0,0,0,0,0,0,0 //RG_BACKSTAP#Apunhalar# 
//
214,0,0,20,0,0,0,99,0,0,hiding,0,0,0,0,0,0,0,0,0,0,0,0,0,0,0,0,0,0,0,0,0 //RG_RAID#Ataque Surpresa# 
215,0,0,17:19:21:23:25,0,0,0,99,0,0,none,0,0,0,0,0,0,0,0,0,0,0,0,0,0,0,0,0,0,0,0,0 //RG_STRIPWEAPON#Remover Arma# 
216,0,0,12:14:16:18:20,0,0,0,99,0,0,none,0,0,0,0,0,0,0,0,0,0,0,0,0,0,0,0,0,0,0,0,0 //RG_STRIPSHIELD#Remover Escudo# 
217,0,0,17:19:21:23:25,0,0,0,99,0,0,none,0,0,0,0,0,0,0,0,0,0,0,0,0,0,0,0,0,0,0,0,0 //RG_STRIPARMOR#Remover Armadura# 
218,0,0,12:14:16:18:20,0,0,0,99,0,0,none,0,0,0,0,0,0,0,0,0,0,0,0,0,0,0,0,0,0,0,0,0 //RG_STRIPHELM#Remover Capacete# 
219,0,0,13:16:19:22:25,0,0,0,99,0,0,none,0,0,0,0,0,0,0,0,0,0,0,0,0,0,0,0,0,0,0,0,0 //RG_INTIMIDATE#Rapto# 
220,0,0,15,0,0,0,99,0,0,none,0,716,1,0,0,0,0,0,0,0,0,0,0,0,0,0,0,0,0,0,0 //RG_GRAFFITI#Grafitti# 
221,0,0,10,0,0,0,99,0,0,none,0,0,0,0,0,0,0,0,0,0,0,0,0,0,0,0,0,0,0,0,0 //RG_FLAGGRAFFITI#Pichar# 
222,0,0,5,0,0,0,99,0,0,none,0,0,0,0,0,0,0,0,0,0,0,0,0,0,0,0,0,0,0,0,0 //RG_CLEANER#Faxina# 
//
228,0,0,5,0,0,0,99,0,0,none,0,7134,1,0,0,0,0,0,0,0,0,0,0,0,0,0,0,0,0,0,0 //AM_PHARMACY#Preparar Poção# 
229,0,0,10,0,0,0,99,0,0,none,0,7135,1,0,0,0,0,0,0,0,0,0,0,0,0,0,0,0,0,0,0 //AM_DEMONSTRATION#Fogo Grego# 
230,0,0,15,0,0,0,99,0,0,none,0,7136,1,0,0,0,0,0,0,0,0,0,0,0,0,0,0,0,0,0,0 //AM_ACIDTERROR#Terror Ácido# 
231,0,0,1,0,0,0,99,0,0,none,0,501,1,502,1,503,1,504,1,505,1,522,1,526,1,608,1,607,1,657,1 //AM_POTIONPITCHER#Arremessar Poção# 
232,0,0,20,0,0,0,99,0,0,none,0,7137,1,0,0,0,0,0,0,0,0,0,0,0,0,0,0,0,0,0,0 //AM_CANNIBALIZE#Criar Monstro Planta# 
233,0,0,10,0,0,0,99,0,0,none,0,7138,1,0,0,0,0,0,0,0,0,0,0,0,0,0,0,0,0,0,0 //AM_SPHEREMINE#Criar Esfera Marinha# 
234,0,0,30,0,0,0,99,0,0,none,0,7139,1,0,0,0,0,0,0,0,0,0,0,0,0,0,0,0,0,0,0 //AM_CP_WEAPON#Revestir Arma# 
235,0,0,25,0,0,0,99,0,0,none,0,7139,1,0,0,0,0,0,0,0,0,0,0,0,0,0,0,0,0,0,0 //AM_CP_SHIELD#Revestir Escudo# 
236,0,0,25,0,0,0,99,0,0,none,0,7139,1,0,0,0,0,0,0,0,0,0,0,0,0,0,0,0,0,0,0 //AM_CP_ARMOR#Revestir Armadura# 
237,0,0,25,0,0,0,99,0,0,none,0,7139,1,0,0,0,0,0,0,0,0,0,0,0,0,0,0,0,0,0,0 //AM_CP_HELM#Revestir Capacete# 
//
243,0,0,10,0,0,0,99,0,0,none,0,7142,1,0,0,0,0,0,0,0,0,0,0,0,0,0,0,0,0,0,0 //AM_CALLHOMUNCULUS 
244,0,0,50,0,0,0,99,0,0,none,0,0,0,0,0,0,0,0,0,0,0,0,0,0,0,0,0,0,0,0,0 //AM_REST 
247,0,0,74:68:62:56:50,0,0,0,99,0,0,none,0,0,0,0,0,0,0,0,0,0,0,0,0,0,0,0,0,0,0,0,0 //AM_RESURRECTHOMUN 
//
249,0,0,12:14:16:18:20:22:24:26:28:30,0,0,0,99,0,0,shield,0,0,0,0,0,0,0,0,0,0,0,0,0,0,0,0,0,0,0,0,0 //CR_AUTOGUARD#Bloqueio# 
250,0,0,10,0,0,0,99,0,0,shield,0,0,0,0,0,0,0,0,0,0,0,0,0,0,0,0,0,0,0,0,0 //CR_SHIELDCHARGE#Punição Divina# 
251,0,0,12,0,0,0,99,0,0,shield,0,0,0,0,0,0,0,0,0,0,0,0,0,0,0,0,0,0,0,0,0 //CR_SHIELDBOOMERANG#Escudo Bumerangue# 
252,0,0,35:40:45:50:55:60:65:70:75:80,0,0,0,99,0,0,shield,0,0,0,0,0,0,0,0,0,0,0,0,0,0,0,0,0,0,0,0,0 //CR_REFLECTSHIELD#Escudo Refletor# 
253,0,0,11:12:13:14:15:16:17:18:19:20,0,0,0,99,0,0,none,0,0,0,0,0,0,0,0,0,0,0,0,0,0,0,0,0,0,0,0,0 //CR_HOLYCROSS#Crux Divinum# 
254,0,0,37:44:51:58:65:72:79:86:93:100,20,0,0,99,0,0,none,0,0,0,0,0,0,0,0,0,0,0,0,0,0,0,0,0,0,0,0,0 //CR_GRANDCROSS#Crux Magnun# 
255,0,0,25,0,0,0,99,0,0,none,0,0,0,0,0,0,0,0,0,0,0,0,0,0,0,0,0,0,0,0,0 //CR_DEVOTION#Redenção# 
256,0,0,30,0,0,0,99,0,0,none,0,0,0,0,0,0,0,0,0,0,0,0,0,0,0,0,0,0,0,0,0 //CR_PROVIDENCE#Divina Providência# 
257,0,0,30,0,0,0,99,0,0,shield,0,0,0,0,0,0,0,0,0,0,0,0,0,0,0,0,0,0,0,0,0 //CR_DEFENDER#Aura Sagrada# 
258,0,0,24:28:32:36:40:44:48:52:56:60,0,0,0,5,0,0,none,0,0,0,0,0,0,0,0,0,0,0,0,0,0,0,0,0,0,0,0,0 //CR_SPEARQUICKEN#Rapidez com Lança# 
//
261,0,0,8,0,0,0,99,0,0,none,0,0,0,0,0,0,0,0,0,0,0,0,0,0,0,0,0,0,0,0,0 //MO_CALLSPIRITS#Invocar Esfera Espiritual# 
262,0,0,5,0,0,0,99,0,0,none,0,0,0,0,0,0,0,0,0,0,0,0,0,0,0,0,0,0,0,0,0 //MO_ABSORBSPIRITS#Absorver Esferas Espirituais# 
//
264,0,0,14,0,0,0,99,0,0,none,1,0,0,0,0,0,0,0,0,0,0,0,0,0,0,0,0,0,0,0,0 //MO_BODYRELOCATION#Passo Etéreo# 
//
266,0,0,10:14:17:19:20,0,0,0,99,0,0,none,1,0,0,0,0,0,0,0,0,0,0,0,0,0,0,0,0,0,0,0,0 //MO_INVESTIGATE#Impacto Psíquico# 
267,0,0,10,0,0,0,99,0,0,none,1:2:3:4:5,0,0,0,0,0,0,0,0,0,0,0,0,0,0,0,0,0,0,0,0 //MO_FINGEROFFENSIVE#Disparo de Esferas Espirituais# 
268,0,0,200,0,0,0,99,0,0,none,5,0,0,0,0,0,0,0,0,0,0,0,0,0,0,0,0,0,0,0,0 //MO_STEELBODY#Corpo Fechado# 
269,0,0,10,0,0,0,0:1:2:3:4:5:6:7:8:9:10:12:13:14:15:16:17:18:19:20:21:22,0,0,none,1,0,0,0,0,0,0,0,0,0,0,0,0,0,0,0,0,0,0,0,0 //MO_BLADESTOP#Dilema# 
270,0,0,15,0,0,0,99,0,0,none,5,0,0,0,0,0,0,0,0,0,0,0,0,0,0,0,0,0,0,0,0 //MO_EXPLOSIONSPIRITS#Fúria Interior# 
271,0,0,1,0,0,0,0:1:2:3:4:5:6:7:8:9:10:12:13:14:15:16:17:18:19:20:21:22,0,0,explosionspirits,5,0,0,0,0,0,0,0,0,0,0,0,0,0,0,0,0,0,0,0,0 //MO_EXTREMITYFIST#Punho Supremo de Asura# 
272,0,0,11:12:13:14:15,0,0,0,0:1:2:3:4:5:6:7:8:9:10:12:13:14:15:16:17:18:19:20:21:22,0,0,none,0,0,0,0,0,0,0,0,0,0,0,0,0,0,0,0,0,0,0,0,0 //MO_CHAINCOMBO#Combo Quádruplo# 
273,0,0,11:12:13:14:15,0,0,0,0:1:2:3:4:5:6:7:8:9:10:12:13:14:15:16:17:18:19:20:21:22,0,0,none,1,0,0,0,0,0,0,0,0,0,0,0,0,0,0,0,0,0,0,0,0 //MO_COMBOFINISH#O Último Dragão# 
//
275,0,0,2,0,0,0,99,0,0,none,0,0,0,0,0,0,0,0,0,0,0,0,0,0,0,0,0,0,0,0,0 //SA_CASTCANCEL#Cancelar magia# 
276,0,0,2,0,0,0,99,0,0,none,0,0,0,0,0,0,0,0,0,0,0,0,0,0,0,0,0,0,0,0,0 //SA_MAGICROD#Espelho Mágico# 
277,0,0,10,0,0,0,99,0,0,none,0,0,0,0,0,0,0,0,0,0,0,0,0,0,0,0,0,0,0,0,0 //SA_SPELLBREAKER#Desconcentrar# 
//
279,0,0,35,0,0,0,99,0,0,none,0,0,0,0,0,0,0,0,0,0,0,0,0,0,0,0,0,0,0,0,0 //SA_AUTOSPELL#Desejo Arcano# 
280,0,0,40,0,0,0,99,0,0,none,0,990,1,0,0,0,0,0,0,0,0,0,0,0,0,0,0,0,0,0,0 //SA_FLAMELAUNCHER#Encantar com Chama# 
281,0,0,40,0,0,0,99,0,0,none,0,991,1,0,0,0,0,0,0,0,0,0,0,0,0,0,0,0,0,0,0 //SA_FROSTWEAPON#Encantar com Geada# 
282,0,0,40,0,0,0,99,0,0,none,0,992,1,0,0,0,0,0,0,0,0,0,0,0,0,0,0,0,0,0,0 //SA_LIGHTNINGLOADER#Encantar com Ventania# 
283,0,0,40,0,0,0,99,0,0,none,0,993,1,0,0,0,0,0,0,0,0,0,0,0,0,0,0,0,0,0,0 //SA_SEISMICWEAPON#Encantar com Terremoto# 
//
285,0,0,48:46:44:42:40,0,0,0,99,0,0,none,0,715,1,0,0,0,0,0,0,0,0,0,0,0,0,0,0,0,0,0,0 //SA_VOLCANO#Vulcão# 
286,0,0,48:46:44:42:40,0,0,0,99,0,0,none,0,715,1,0,0,0,0,0,0,0,0,0,0,0,0,0,0,0,0,0,0 //SA_DELUGE#Dilúvio# 
287,0,0,48:46:44:42:40,0,0,0,99,0,0,none,0,715,1,0,0,0,0,0,0,0,0,0,0,0,0,0,0,0,0,0,0 //SA_VIOLENTGALE#Furacão# 
288,0,0,66:62:58:54:50,0,0,0,99,0,0,none,0,717,1,715,1,0,0,0,0,0,0,0,0,0,0,0,0,0,0,0,0 //SA_LANDPROTECTOR#Proteger Terreno# 
289,0,0,1,0,0,0,99,0,0,none,0,715,1,0,0,0,0,0,0,0,0,0,0,0,0,0,0,0,0,0,0 //SA_DISPELL#Desencantar# 
290,0,0,50,0,0,0,99,0,0,none,0,715,2,0,0,0,0,0,0,0,0,0,0,0,0,0,0,0,0,0,0 //SA_ABRACADABRA#Abracadabra# 
291,0,0,1,0,0,0,99,0,0,none,0,0,0,0,0,0,0,0,0,0,0,0,0,0,0,0,0,0,0,0,0 //SA_MONOCELL#Mono Cell# 
292,0,0,1,0,0,0,99,0,0,none,0,0,0,0,0,0,0,0,0,0,0,0,0,0,0,0,0,0,0,0,0 //SA_CLASSCHANGE#Transformação# 
293,0,0,1,0,0,0,99,0,0,none,0,0,0,0,0,0,0,0,0,0,0,0,0,0,0,0,0,0,0,0,0 //SA_SUMMONMONSTER#Invocar Monstro# 
294,0,0,1,0,0,0,99,0,0,none,0,0,0,0,0,0,0,0,0,0,0,0,0,0,0,0,0,0,0,0,0 //SA_REVERSEORCISH#Transformação Orc# 
295,0,0,1,0,0,0,99,0,0,none,0,0,0,0,0,0,0,0,0,0,0,0,0,0,0,0,0,0,0,0,0 //SA_DEATH#Extermínio# 
296,0,0,1,0,0,0,99,0,0,none,0,0,0,0,0,0,0,0,0,0,0,0,0,0,0,0,0,0,0,0,0 //SA_FORTUNE#Toque de Midas# 
297,0,0,1,0,0,0,99,0,0,none,0,0,0,0,0,0,0,0,0,0,0,0,0,0,0,0,0,0,0,0,0 //SA_TAMINGMONSTER#Hipnose# 
298,0,0,1,0,0,0,99,0,0,none,0,0,0,0,0,0,0,0,0,0,0,0,0,0,0,0,0,0,0,0,0 //SA_QUESTION#Interrogatório# 
299,0,0,1,0,0,0,99,0,0,none,0,0,0,0,0,0,0,0,0,0,0,0,0,0,0,0,0,0,0,0,0 //SA_GRAVITY#Gravity# 
300,0,0,1,0,0,0,99,0,0,none,0,0,0,0,0,0,0,0,0,0,0,0,0,0,0,0,0,0,0,0,0 //SA_LEVELUP#Level Up!# 
301,0,0,1,0,0,0,99,0,0,none,0,0,0,0,0,0,0,0,0,0,0,0,0,0,0,0,0,0,0,0,0 //SA_INSTANTDEATH#Suicídio# 
302,0,0,1,0,0,0,99,0,0,none,0,0,0,0,0,0,0,0,0,0,0,0,0,0,0,0,0,0,0,0,0 //SA_FULLRECOVERY#Recuperação# 
303,0,0,1,0,0,0,99,0,0,none,0,0,0,0,0,0,0,0,0,0,0,0,0,0,0,0,0,0,0,0,0 //SA_COMA#Coma# 
//
304,0,0,1,0,0,0,99,0,0,none,0,0,0,0,0,0,0,0,0,0,0,0,0,0,0,0,0,0,0,0,0 //BD_ADAPTATION#Encerramento# 
305,0,0,1,0,0,0,13:14,0,0,none,0,0,0,0,0,0,0,0,0,0,0,0,0,0,0,0,0,0,0,0,0 //BD_ENCORE#Bis# 
306,0,0,20,0,0,0,13:14,0,0,none,0,0,0,0,0,0,0,0,0,0,0,0,0,0,0,0,0,0,0,0,0 //BD_LULLABY#Cantiga de Ninar# 
307,0,0,20,0,0,0,13:14,0,0,none,0,0,0,0,0,0,0,0,0,0,0,0,0,0,0,0,0,0,0,0,0 //BD_RICHMANKIM#Banquete de Njord# 
308,0,0,30,0,0,0,13:14,0,0,none,0,0,0,0,0,0,0,0,0,0,0,0,0,0,0,0,0,0,0,0,0 //BD_ETERNALCHAOS#Ritmo Caótico# 
309,0,0,38:41:44:47:50,0,0,0,13:14,0,0,none,0,0,0,0,0,0,0,0,0,0,0,0,0,0,0,0,0,0,0,0,0 //BD_DRUMBATTLEFIELD#Rufar dos Tambores# 
310,0,0,38:41:44:47:50,0,0,0,13:14,0,0,none,0,0,0,0,0,0,0,0,0,0,0,0,0,0,0,0,0,0,0,0,0 //BD_RINGNIBELUNGEN#Anel dos Nibelungos# 
311,0,0,15,0,0,0,13:14,0,0,none,0,0,0,0,0,0,0,0,0,0,0,0,0,0,0,0,0,0,0,0,0 //BD_ROKISWEIL#Lamento de Loki# 
312,0,0,10,0,0,0,13:14,0,0,none,0,0,0,0,0,0,0,0,0,0,0,0,0,0,0,0,0,0,0,0,0 //BD_INTOABYSS#Canção Preciosa# 
313,0,0,20,0,0,0,13:14,0,0,none,0,0,0,0,0,0,0,0,0,0,0,0,0,0,0,0,0,0,0,0,0 //BD_SIEGFRIED#Ode a Siegfried# 
//
316,0,0,1:3:5:7:9,0,0,0,13,1,1,none,0,0,0,0,0,0,0,0,0,0,0,0,0,0,0,0,0,0,0,0,0 //BA_MUSICALSTRIKE#Flecha Melódica# 
317,0,0,18:21:24:27:30,0,0,0,13,0,0,none,0,0,0,0,0,0,0,0,0,0,0,0,0,0,0,0,0,0,0,0,0 //BA_DISSONANCE#Dissonância# 
318,0,0,12:14:16:18:20,0,0,0,99,0,0,none,0,0,0,0,0,0,0,0,0,0,0,0,0,0,0,0,0,0,0,0,0 //BA_FROSTJOKE#Piada Infame# 
319,0,0,24:28:32:36:40:44:48:52:56:60,0,0,0,13:14,0,0,none,0,0,0,0,0,0,0,0,0,0,0,0,0,0,0,0,0,0,0,0,0 //BA_WHISTLE#Assovio# 
320,0,0,38:41:44:47:50:53:56:59:62:65,0,0,0,13:14,0,0,none,0,0,0,0,0,0,0,0,0,0,0,0,0,0,0,0,0,0,0,0,0 //BA_ASSASSINCROSS#Crepúsculo Sangrento# 
321,0,0,40:45:50:55:60:65:70:75:80:85,0,0,0,13:14,0,0,none,0,0,0,0,0,0,0,0,0,0,0,0,0,0,0,0,0,0,0,0,0 //BA_POEMBRAGI#Poema de Bragi# 
322,0,0,40:45:50:55:60:65:70:75:80:85,0,0,0,13:14,0,0,none,0,0,0,0,0,0,0,0,0,0,0,0,0,0,0,0,0,0,0,0,0 //BA_APPLEIDUN#Maçãs de Idun# 
//
324,0,0,1:3:5:7:9,0,0,0,14,1,1,none,0,0,0,0,0,0,0,0,0,0,0,0,0,0,0,0,0,0,0,0,0 //DC_THROWARROW#Estilingue# 
325,0,0,23:26:29:32:35,0,0,0,14,0,0,none,0,0,0,0,0,0,0,0,0,0,0,0,0,0,0,0,0,0,0,0,0 //DC_UGLYDANCE#Dança do Ventre# 
326,0,0,12:14:16:18:20,0,0,0,99,0,0,none,0,0,0,0,0,0,0,0,0,0,0,0,0,0,0,0,0,0,0,0,0 //DC_SCREAM#Escândalo# 
327,0,0,22:24:26:28:30:32:34:36:38:40,0,0,0,13:14,0,0,none,0,0,0,0,0,0,0,0,0,0,0,0,0,0,0,0,0,0,0,0,0 //DC_HUMMING#Sibilo# 
328,0,0,28:31:34:37:40:43:46:49:52:55,0,0,0,13:14,0,0,none,0,0,0,0,0,0,0,0,0,0,0,0,0,0,0,0,0,0,0,0,0 //DC_DONTFORGETME#Não Me Abandones# 
329,0,0,43:46:49:52:55:58:61:64:67:70,0,0,0,13:14,0,0,none,0,0,0,0,0,0,0,0,0,0,0,0,0,0,0,0,0,0,0,0,0 //DC_FORTUNEKISS#Beijo da Sorte# 
330,0,0,40:45:50:55:60:65:70:75:80:85,0,0,0,13:14,0,0,none,0,0,0,0,0,0,0,0,0,0,0,0,0,0,0,0,0,0,0,0,0 //DC_SERVICEFORYOU#Dança Cigana# 
//
334,0,0,1,-10,0,0,99,0,0,none,0,0,0,0,0,0,0,0,0,0,0,0,0,0,0,0,0,0,0,0,0 //WE_MALE#Amor Verdadeiro# 
335,0,0,1,0,-10,0,99,0,0,none,0,0,0,0,0,0,0,0,0,0,0,0,0,0,0,0,0,0,0,0,0 //WE_FEMALE#Amor Eterno# 
336,0,0,1,0,0,0,99,0,0,none,0,0,0,0,0,0,0,0,0,0,0,0,0,0,0,0,0,0,0,0,0 //WE_CALLPARTNER#Saudades de Você# 
337,0,0,1,0,0,0,99,0,0,none,0,0,0,0,0,0,0,0,0,0,0,0,0,0,0,0,0,0,0,0,0 //ITM_TOMAHAWK#Arremessar Tomahawk# 
//
355,0,0,18:26:34:42:50,0,0,0,1:2:3:4:5:6:7:8:9:10:11:12:13:14:15:16:17:18:19:20:21:22,0,0,none,0,0,0,0,0,0,0,0,0,0,0,0,0,0,0,0,0,0,0,0,0 //LK_AURABLADE#Lâmina de Aura# 
356,0,0,50,0,0,0,3,0,0,none,0,0,0,0,0,0,0,0,0,0,0,0,0,0,0,0,0,0,0,0,0 //LK_PARRYING#Aparar Golpe# 
357,0,0,14:18:22:26:30,0,0,0,99,0,0,none,0,0,0,0,0,0,0,0,0,0,0,0,0,0,0,0,0,0,0,0,0 //LK_CONCENTRATION#Dedicação# 
358,0,0,15,0,0,0,99,0,0,none,0,0,0,0,0,0,0,0,0,0,0,0,0,0,0,0,0,0,0,0,0 //LK_TENSIONRELAX#Relaxar# 
359,0,0,200,0,0,0,99,0,0,none,0,0,0,0,0,0,0,0,0,0,0,0,0,0,0,0,0,0,0,0,0 //LK_BERSERK#Frenesi# 
361,0,0,20:30:40:50:60,0,0,0,99,0,0,none,0,0,0,0,0,0,0,0,0,0,0,0,0,0,0,0,0,0,0,0,0 //HP_ASSUMPTIO#Assumptio# 
362,0,0,80:90:100:110:120,0,0,0,99,0,0,none,0,715,1,716,1,717,1,523,1,0,0,0,0,0,0,0,0,0,0,0,0 //HP_BASILICA#Basílica# 
//
365,0,0,8,0,0,0,99,0,0,none,0,0,0,0,0,0,0,0,0,0,0,0,0,0,0,0,0,0,0,0,0 //HW_MAGICCRASHER#Esmagamento Mágico# 
366,0,0,14:18:22:26:30:34:38:42:46:50,0,0,0,99,0,0,none,0,0,0,0,0,0,0,0,0,0,0,0,0,0,0,0,0,0,0,0,0 //HW_MAGICPOWER#Amplificação Mística# 
367,0,0,30:35:40:45:50,0,0,0,99,0,0,none,0,0,0,0,0,0,0,0,0,0,0,0,0,0,0,0,0,0,0,0,0 //PA_PRESSURE#Gloria Domini# 
368,0,0,100,0,0,0,99,0,0,none,0,0,0,0,0,0,0,0,0,0,0,0,0,0,0,0,0,0,0,0,0 //PA_SACRIFICE#Sacrifício do Mártir# 
369,0,0,80:80:80:80:80:100:100:100:100:100,0,0,0,99,0,0,none,0,0,0,0,0,0,0,0,0,0,0,0,0,0,0,0,0,0,0,0,0 //PA_GOSPEL#Canto de Batalha# 
370,0,0,2:4:6:8:10,0,0,0,99,0,0,explosionspirits,0,0,0,0,0,0,0,0,0,0,0,0,0,0,0,0,0,0,0,0,0 //CH_PALMSTRIKE#Golpe da Palma em Fúria# 
371,0,0,4:6:8:10:12,0,0,0,99,0,0,none,1,0,0,0,0,0,0,0,0,0,0,0,0,0,0,0,0,0,0,0,0 //CH_TIGERFIST#Punho do Tigre# 
372,0,0,4:6:8:10:12:14:16:18:20:22,0,0,0,99,0,0,none,2,0,0,0,0,0,0,0,0,0,0,0,0,0,0,0,0,0,0,0,0 //CH_CHAINCRUSH#Combo Esmagador# 
373,0,0,1:2:3:4:5,0,0,0,99,0,0,none,0,0,0,0,0,0,0,0,0,0,0,0,0,0,0,0,0,0,0,0,0 //PF_HPCONVERSION#Indulgir# 
374,0,0,5,0,0,0,99,0,0,none,0,0,0,0,0,0,0,0,0,0,0,0,0,0,0,0,0,0,0,0,0 //PF_SOULCHANGE#Exalar Alma# 
375,0,0,80:90:100:110:120,0,0,0,99,0,0,none,0,0,0,0,0,0,0,0,0,0,0,0,0,0,0,0,0,0,0,0,0 //PF_SOULBURN#Sifão de Alma# 
//
378,0,0,60:70:80:90:100,0,0,0,99,0,0,none,0,678,1,0,0,0,0,0,0,0,0,0,0,0,0,0,0,0,0,0,0 //ASC_EDP#Encantar com Veneno Mortal# 
379,0,0,20:20:20:20:20:30:30:30:30:30,0,0,0,99,0,0,none,0,0,0,0,0,0,0,0,0,0,0,0,0,0,0,0,0,0,0,0,0 //ASC_BREAKER#Destruidor de Almas# 
380,0,0,20:20:25:25:30:30:35:35:40:40,0,0,0,99,0,0,none,0,0,0,0,0,0,0,0,0,0,0,0,0,0,0,0,0,0,0,0,0 //SN_SIGHT#Visão Real# 
381,0,0,30:34:38:42:46,0,0,0,99,0,0,falcon,0,0,0,0,0,0,0,0,0,0,0,0,0,0,0,0,0,0,0,0,0 //SN_FALCONASSAULT#Assalto do Falcão# 
382,0,0,18:21:24:27:30,0,0,0,11,1,1,none,0,0,0,0,0,0,0,0,0,0,0,0,0,0,0,0,0,0,0,0,0 //SN_SHARPSHOOTING#Tiro Preciso# 
383,0,0,46:52:58:64:70:76:82:88:94:100,0,0,0,99,0,0,none,0,0,0,0,0,0,0,0,0,0,0,0,0,0,0,0,0,0,0,0,0 //SN_WINDWALK#Caminho do Vento# 
384,0,0,50:50:60:60:70:70:80:80:90:90,0,0,0,99,0,0,none,0,0,0,0,0,0,0,0,0,0,0,0,0,0,0,0,0,0,0,0,0 //WS_MELTDOWN#Golpe Estilhaçante# 
385,0,0,5,0,0,0,99,0,0,none,0,0,0,0,0,0,0,0,0,0,0,0,0,0,0,0,0,0,0,0,0 //WS_CREATECOIN#Criar Moeda# 
386,0,0,5,0,0,0,99,0,0,none,0,0,0,0,0,0,0,0,0,0,0,0,0,0,0,0,0,0,0,0,0 //WS_CREATENUGGET#Criar Pepita# 
387,0,0,20,0,0,0,99,0,0,cart,0,0,0,0,0,0,0,0,0,0,0,0,0,0,0,0,0,0,0,0,0 //WS_CARTBOOST#Impulso no Carrinho# 
388,0,0,20,0,0,0,99,0,0,none,0,7137,1,0,0,0,0,0,0,0,0,0,0,0,0,0,0,0,0,0,0 //WS_SYSTEMCREATE#Criar Máquina Automática de Ataque# 
389,0,0,10,0,0,0,99,0,0,none,0,0,0,0,0,0,0,0,0,0,0,0,0,0,0,0,0,0,0,0,0 //ST_CHASEWALK#Espreitar# 
390,0,0,10:15:20:25:30,0,0,0,99,0,0,none,0,0,0,0,0,0,0,0,0,0,0,0,0,0,0,0,0,0,0,0,0 //ST_REJECTSWORD#Instinto de Defesa# 
//
394,0,0,12:14:16:18:20:22:24:26:28:30,0,0,0,13:14,1,1,none,0,0,0,0,0,0,0,0,0,0,0,0,0,0,0,0,0,0,0,0,0 //CG_ARROWVULCAN#Vulcão de Flechas# 
395,0,0,30:40:50:60:70,0,0,0,13:14,0,0,none,0,0,0,0,0,0,0,0,0,0,0,0,0,0,0,0,0,0,0,0,0 //CG_MOONLIT#Bênção Protetora# 
396,0,0,100,0,0,0,99,0,0,none,0,0,0,0,0,0,0,0,0,0,0,0,0,0,0,0,0,0,0,0,0 //CG_MARIONETTE#Controle de Marionete# 
397,0,0,18:21:24:27:30,0,0,0,4:5,0,0,none,0,0,0,0,0,0,0,0,0,0,0,0,0,0,0,0,0,0,0,0,0 //LK_SPIRALPIERCE#Perfurar em Espiral# 
398,0,0,23,0,0,0,99,0,0,none,0,0,0,0,0,0,0,0,0,0,0,0,0,0,0,0,0,0,0,0,0 //LK_HEADCRUSH#Golpe Traumático# 
399,0,0,12:12:14:14:16:16:18:18:20:20,0,0,0,4:5,0,0,none,0,0,0,0,0,0,0,0,0,0,0,0,0,0,0,0,0,0,0,0,0 //LK_JOINTBEAT#Ataque Vital# 
400,0,0,10:25:40:55:70,0,0,0,99,0,0,none,0,0,0,0,0,0,0,0,0,0,0,0,0,0,0,0,0,0,0,0,0 //HW_NAPALMVULCAN#Vulcão Napalm# 
401,0,0,20,0,0,0,99,0,0,none,0,0,0,0,0,0,0,0,0,0,0,0,0,0,0,0,0,0,0,0,0 //CH_SOULCOLLECT#Zen# 
402,0,0,12:15:18:21:24,0,0,0,99,0,0,none,0,0,0,0,0,0,0,0,0,0,0,0,0,0,0,0,0,0,0,0,0 //PF_MINDBREAKER#Enlouquecedor# 
403,0,0,1,0,0,0,99,0,0,none,0,0,0,0,0,0,0,0,0,0,0,0,0,0,0,0,0,0,0,0,0 //PF_MEMORIZE#Presciência# 
404,0,0,25,0,0,0,99,0,0,none,0,0,0,0,0,0,0,0,0,0,0,0,0,0,0,0,0,0,0,0,0 //PF_FOGWALL#Bruma Ofuscante# 
405,0,0,50,0,0,0,99,0,0,none,0,1025,1,0,0,0,0,0,0,0,0,0,0,0,0,0,0,0,0,0,0 //PF_SPIDERWEB#Prisão da Teia# 
406,0,0,10:12:14:16:18:20:22:24:26:28,0,0,0,99,0,0,none,0,0,0,0,0,0,0,0,0,0,0,0,0,0,0,0,0,0,0,0,0 //ASC_METEORASSAULT#Impacto Meteoro# 
407,0,0,50,0,0,0,99,0,0,none,0,0,0,0,0,0,0,0,0,0,0,0,0,0,0,0,0,0,0,0,0 //ASC_CDP#Criar Veneno Mortal# 
408,0,0,1,0,-10,0,99,0,0,none,0,0,0,0,0,0,0,0,0,0,0,0,0,0,0,0,0,0,0,0,0 //WE_BABY#Mãe Pai amo vocês!# 
409,0,0,1,0,0,0,99,0,0,none,0,0,0,0,0,0,0,0,0,0,0,0,0,0,0,0,0,0,0,0,0 //WE_CALLPARENT#Mãe Pai cadê vocês?# 
410,0,0,1,0,0,0,99,0,0,none,0,0,0,0,0,0,0,0,0,0,0,0,0,0,0,0,0,0,0,0,0 //WE_CALLBABY#Vem cá filhote!# 
411,0,0,100:90:80:70:60:50:40:30:20:10,0,0,0,99,0,0,move_enable,0,0,0,0,0,0,0,0,0,0,0,0,0,0,0,0,0,0,0,0,0 //TK_RUN 
412,0,0,1,0,0,0,99,0,0,none,0,0,0,0,0,0,0,0,0,0,0,0,0,0,0,0,0,0,0,0,0 //TK_READYSTORM 
413,0,0,14:12:10:8:6:4:2,0,0,0,99,0,0,none,0,0,0,0,0,0,0,0,0,0,0,0,0,0,0,0,0,0,0,0,0 //TK_STORMKICK 
414,0,0,1,0,0,0,99,0,0,none,0,0,0,0,0,0,0,0,0,0,0,0,0,0,0,0,0,0,0,0,0 //TK_READYDOWN 
415,0,0,14:12:10:8:6:4:2,0,0,0,99,0,0,none,0,0,0,0,0,0,0,0,0,0,0,0,0,0,0,0,0,0,0,0,0 //TK_DOWNKICK 
416,0,0,1,0,0,0,99,0,0,none,0,0,0,0,0,0,0,0,0,0,0,0,0,0,0,0,0,0,0,0,0 //TK_READYTURN 
417,0,0,14:12:10:8:6:4:2,0,0,0,99,0,0,none,0,0,0,0,0,0,0,0,0,0,0,0,0,0,0,0,0,0,0,0,0 //TK_TURNKICK 
418,0,0,1,0,0,0,99,0,0,none,0,0,0,0,0,0,0,0,0,0,0,0,0,0,0,0,0,0,0,0,0 //TK_READYCOUNTER 
419,0,0,14:12:10:8:6:4:2,0,0,0,99,0,0,none,0,0,0,0,0,0,0,0,0,0,0,0,0,0,0,0,0,0,0,0,0 //TK_COUNTERKICK 
420,0,0,1,0,0,0,99,0,0,none,0,0,0,0,0,0,0,0,0,0,0,0,0,0,0,0,0,0,0,0,0 //TK_DODGE 
421,0,0,70:60:50:40:30:20:10,0,0,0,99,0,0,none,0,0,0,0,0,0,0,0,0,0,0,0,0,0,0,0,0,0,0,0,0 //TK_JUMPKICK 
//
425,0,0,20:20:20:20:50:50:50,0,0,0,99,0,0,none,0,0,0,0,0,0,0,0,0,0,0,0,0,0,0,0,0,0,0,0,0 //TK_SEVENWIND 
426,0,0,50,0,0,0,99,0,0,none,0,0,0,0,0,0,0,0,0,0,0,0,0,0,0,0,0,0,0,0,0 //TK_HIGHJUMP 
//
427,0,0,100,0,0,0,99,0,0,none,0,0,0,0,0,0,0,0,0,0,0,0,0,0,0,0,0,0,0,0,0 //SG_FEEL 
428,0,0,20,0,0,0,99,0,0,none,0,0,0,0,0,0,0,0,0,0,0,0,0,0,0,0,0,0,0,0,0 //SG_SUN_WARM 
429,0,0,20,0,0,0,99,0,0,none,0,0,0,0,0,0,0,0,0,0,0,0,0,0,0,0,0,0,0,0,0 //SG_MOON_WARM 
430,0,0,10,0,0,0,99,0,0,none,0,0,0,0,0,0,0,0,0,0,0,0,0,0,0,0,0,0,0,0,0 //SG_STAR_WARM 
431,0,0,70:60:50:40,0,0,0,99,0,0,none,0,0,0,0,0,0,0,0,0,0,0,0,0,0,0,0,0,0,0,0,0 //SG_SUN_COMFORT 
432,0,0,70:60:50:40,0,0,0,99,0,0,none,0,0,0,0,0,0,0,0,0,0,0,0,0,0,0,0,0,0,0,0,0 //SG_MOON_COMFORT 
433,0,0,70:60:50:40,0,0,0,99,0,0,none,0,0,0,0,0,0,0,0,0,0,0,0,0,0,0,0,0,0,0,0,0 //SG_STAR_COMFORT 
434,0,0,100,0,0,0,99,0,0,none,0,0,0,0,0,0,0,0,0,0,0,0,0,0,0,0,0,0,0,0,0 //SG_HATE 
444,0,0,100,0,0,0,99,0,0,none,0,0,0,0,0,0,0,0,0,0,0,0,0,0,0,0,0,0,0,0,0 //SG_FUSION 
//
445,0,0,460:360:260:160:60,0,0,0,99,0,0,none,0,0,0,0,0,0,0,0,0,0,0,0,0,0,0,0,0,0,0,0,0 //SL_ALCHEMIST 
446,0,0,10,0,8,0,99,0,0,none,0,657,2,0,0,0,0,0,0,0,0,0,0,0,0,0,0,0,0,0,0 //AM_BERSERKPITCHER#Arremessar Poção da Fúria Selvagem# 
447,0,0,460:360:260:160:60,0,0,0,99,0,0,none,0,0,0,0,0,0,0,0,0,0,0,0,0,0,0,0,0,0,0,0,0 //SL_MONK 
448,0,0,460:360:260:160:60,0,0,0,99,0,0,none,0,0,0,0,0,0,0,0,0,0,0,0,0,0,0,0,0,0,0,0,0 //SL_STAR 
449,0,0,460:360:260:160:60,0,0,0,99,0,0,none,0,0,0,0,0,0,0,0,0,0,0,0,0,0,0,0,0,0,0,0,0 //SL_SAGE 
450,0,0,460:360:260:160:60,0,0,0,99,0,0,none,0,0,0,0,0,0,0,0,0,0,0,0,0,0,0,0,0,0,0,0,0 //SL_CRUSADER 
451,0,0,460:360:260:160:60,0,0,0,99,0,0,none,0,0,0,0,0,0,0,0,0,0,0,0,0,0,0,0,0,0,0,0,0 //SL_SUPERNOVICE 
452,0,0,460:360:260:160:60,0,0,0,99,0,0,none,0,0,0,0,0,0,0,0,0,0,0,0,0,0,0,0,0,0,0,0,0 //SL_KNIGHT 
453,0,0,460:360:260:160:60,0,0,0,99,0,0,none,0,0,0,0,0,0,0,0,0,0,0,0,0,0,0,0,0,0,0,0,0 //SL_WIZARD 
454,0,0,460:360:260:160:60,0,0,0,99,0,0,none,0,0,0,0,0,0,0,0,0,0,0,0,0,0,0,0,0,0,0,0,0 //SL_PRIEST 
455,0,0,460:360:260:160:60,0,0,0,99,0,0,none,0,0,0,0,0,0,0,0,0,0,0,0,0,0,0,0,0,0,0,0,0 //SL_BARDDANCER 
456,0,0,460:360:260:160:60,0,0,0,99,0,0,none,0,0,0,0,0,0,0,0,0,0,0,0,0,0,0,0,0,0,0,0,0 //SL_ROGUE 
457,0,0,460:360:260:160:60,0,0,0,99,0,0,none,0,0,0,0,0,0,0,0,0,0,0,0,0,0,0,0,0,0,0,0,0 //SL_ASSASSIN 
458,0,0,460:360:260:160:60,0,0,0,99,0,0,none,0,0,0,0,0,0,0,0,0,0,0,0,0,0,0,0,0,0,0,0,0 //SL_BLACKSMITH 
459,0,0,64,0,0,0,0:1:2:3:4:5:6:7:8:9:10:12:13:14:15:16,0,0,none,0,0,0,0,0,0,0,0,0,0,0,0,0,0,0,0,0,0,0,0,0 //BS_ADRENALINE2#Adrenalina Concentrada
460,0,0,460:360:260:160:60,0,0,0,99,0,0,none,0,0,0,0,0,0,0,0,0,0,0,0,0,0,0,0,0,0,0,0,0 //SL_HUNTER 
461,0,0,460:360:260:160:60,0,0,0,99,0,0,none,0,0,0,0,0,0,0,0,0,0,0,0,0,0,0,0,0,0,0,0,0 //SL_SOULLINKER 
462,0,0,120:110:100:90:80:70:60,0,0,0,99,0,0,none,0,0,0,0,0,0,0,0,0,0,0,0,0,0,0,0,0,0,0,0,0 //SL_KAIZEL#Kaizel# 
463,0,0,30,0,0,0,99,0,0,none,0,0,0,0,0,0,0,0,0,0,0,0,0,0,0,0,0,0,0,0,0 //SL_KAAHI#Kaahi# 
464,0,0,20:30:40,0,0,0,99,0,0,none,0,0,0,0,0,0,0,0,0,0,0,0,0,0,0,0,0,0,0,0,0 //SL_KAUPE#Kaupe# 
465,0,0,70,0,0,0,99,0,0,none,0,0,0,0,0,0,0,0,0,0,0,0,0,0,0,0,0,0,0,0,0 //SL_KAITE#Kaite# 
467,0,0,18:20:22:24:26:28:30,0,0,0,99,0,0,none,0,0,0,0,0,0,0,0,0,0,0,0,0,0,0,0,0,0,0,0,0 //SL_STIN#Estin# 
468,0,0,18:20:22:24:26:28:30,0,0,0,99,0,0,none,0,0,0,0,0,0,0,0,0,0,0,0,0,0,0,0,0,0,0,0,0 //SL_STUN#Estun# 
469,0,0,8:16:24:32:40:48:56:64:72:80,0,0,0,99,0,0,none,0,0,0,0,0,0,0,0,0,0,0,0,0,0,0,0,0,0,0,0,0 //SL_SMA 
470,0,0,75:65:55:45:35:25:15,0,0,0,99,0,0,none,0,0,0,0,0,0,0,0,0,0,0,0,0,0,0,0,0,0,0,0,0 //SL_SWOO#Eswoo# 
471,0,0,55:35:15,0,0,0,99,0,0,none,0,0,0,0,0,0,0,0,0,0,0,0,0,0,0,0,0,0,0,0,0 //SL_SKE#Eske# 
472,0,0,100:80:60,0,0,0,99,0,0,none,0,0,0,0,0,0,0,0,0,0,0,0,0,0,0,0,0,0,0,0,0 //SL_SKA#Eska# 
//
475,0,0,30,0,0,0,99,0,0,none,0,0,0,0,0,0,0,0,0,0,0,0,0,0,0,0,0,0,0,0,0 //ST_PRESERVE#Preservar# 
476,0,0,22:24:26:28:30,0,0,0,99,0,0,none,0,0,0,0,0,0,0,0,0,0,0,0,0,0,0,0,0,0,0,0,0 //ST_FULLSTRIP#Remoção Total# 
477,0,0,5,0,0,0,99,0,0,none,0,0,0,0,0,0,0,0,0,0,0,0,0,0,0,0,0,0,0,0,0 //WS_WEAPONREFINE#Aprimorar Armamento# 
478,0,0,30,0,0,0,99,0,0,none,0,545,1,545,1,545,1,545,1,545,1,546,1,546,1,546,1,546,1,547,1 //CR_SLIMPITCHER#Arremessar Poção Compacta# 
479,0,0,40,0,0,0,99,0,0,none,0,7139,1,0,0,0,0,0,0,0,0,0,0,0,0,0,0,0,0,0,0 //CR_FULLPROTECTION#Proteção Química Total# 
480,0,0,28:31:34:37:40,0,0,0,99,0,0,shield,0,0,0,0,0,0,0,0,0,0,0,0,0,0,0,0,0,0,0,0,0 //PA_SHIELDCHAIN#Choque Rápido# 
//
482,0,0,40:45:50:55:60,0,0,0,99,0,0,none,0,0,0,0,0,0,0,0,0,0,0,0,0,0,0,0,0,0,0,0,0 //PF_DOUBLECASTING#Lanças Duplas# 
483,0,0,40,0,0,0,99,0,0,none,0,715,1,717,1,0,0,0,0,0,0,0,0,0,0,0,0,0,0,0,0 //HW_GANBANTEIN#Ganbantein# 
484,0,0,20:40:60:80:100,0,0,0,99,0,0,none,0,717,1,0,0,0,0,0,0,0,0,0,0,0,0,0,0,0,0,0,0 //HW_GRAVITATION#Campo Gravitacional# 
485,0,0,15,0,0,600:700:800:900:1000:1100:1200:1300:1400:1500,0:1:2:3:4:5:6:7:8:9:10:12:13:14:15:16:17:18:19:20:21:22,0,0,cartboost,0,0,0,0,0,0,0,0,0,0,0,0,0,0,0,0,0,0,0,0,0 //WS_CARTTERMINATION#Choque de Carrinho# 
486,0,0,15,0,0,3000:3500:4000:4500:5000,0:1:2:3:4:5:6:7:8:9:10:12:13:14:15:16:17:18:19:20:21:22,0,0,none,0,0,0,0,0,0,0,0,0,0,0,0,0,0,0,0,0,0,0,0,0 //WS_OVERTHRUSTMAX#Força Violentíssima# 
487,0,0,15,0,0,0,99,0,0,none,0,0,0,0,0,0,0,0,0,0,0,0,0,0,0,0,0,0,0,0,0 //CG_LONGINGFREEDOM#Grito de Liberdade# 
488,0,0,20:30:40:50:60,0,0,0,13:14,0,0,none,0,0,0,0,0,0,0,0,0,0,0,0,0,0,0,0,0,0,0,0,0 //CG_HERMODE#Bastão de Hermod# 
489,0,0,40,0,0,0,99,0,0,none,0,0,0,0,0,0,0,0,0,0,0,0,0,0,0,0,0,0,0,0,0 //CG_TAROTCARD#Destino nas Cartas# 
490,0,0,30,0,0,0,99,0,0,none,0,7135,1,7136,1,0,0,0,0,0,0,0,0,0,0,0,0,0,0,0,0 //CR_ACIDDEMONSTRATION#Bomba Ácida# 
491,0,0,10,0,0,0,99,0,0,none,0,921,1,905,1,0,0,0,0,0,0,0,0,0,0,0,0,0,0,0,0 //CR_CULTIVATION#Cultivar Planta# 
492,0,0,1,0,0,0,99,0,0,none,0,0,0,0,0,0,0,0,0,0,0,0,0,0,0,0,0,0,0,0,0 //ITEM_ENCHANTARMS## 
493,0,0,10,0,0,0,99,0,0,none,0,0,0,0,0,0,0,0,0,0,0,0,0,0,0,0,0,0,0,0,0 //TK_MISSION#Missão Tae Kwon Dô# 
494,0,0,460:360:260:160:60,0,0,0,99,0,0,none,0,0,0,0,0,0,0,0,0,0,0,0,0,0,0,0,0,0,0,0,0 //SL_HIGH#Espírito dos Transcendentais# 
495,0,0,100,0,0,0,2,0,0,none,0,0,0,0,0,0,0,0,0,0,0,0,0,0,0,0,0,0,0,0,0 //KN_ONEHAND#Rapidez com Uma Mão# 
496,0,0,200,0,0,0,99,0,0,none,0,7134,200,0,0,0,0,0,0,0,0,0,0,0,0,0,0,0,0,0,0 //AM_TWILIGHT1#Criação Espiritual de Poções# 
497,0,0,200,0,0,0,99,0,0,none,0,7134,200,0,0,0,0,0,0,0,0,0,0,0,0,0,0,0,0,0,0 //AM_TWILIGHT2#Criação Espiritual de Poções# 
498,0,0,200,0,0,0,99,0,0,none,0,7134,200,0,0,0,0,0,0,0,0,0,0,0,0,0,0,0,0,0,0 //AM_TWILIGHT3#Criação Espiritual de Poções# 
499,0,0,12,0,0,0,11,1,1,none,0,0,0,0,0,0,0,0,0,0,0,0,0,0,0,0,0,0,0,0,0 //HT_POWER#Ataque da Fera# 
500,0,0,2,0,0,1,99,0,0,none,0,0,0,0,0,0,0,0,0,0,0,0,0,0,0,0,0,0,0,0,0 //GS_GLITTERING 
501,0,0,10,0,0,0,99,0,0,none,5,0,0,0,0,0,0,0,0,0,0,0,0,0,0,0,0,0,0,0,0 //GS_FLING 
502,0,0,20,0,0,0,99,99,1,none,1,0,0,0,0,0,0,0,0,0,0,0,0,0,0,0,0,0,0,0,0 //GS_TRIPLEACTION 
503,0,0,30,0,0,0,99,99,1,none,1,0,0,0,0,0,0,0,0,0,0,0,0,0,0,0,0,0,0,0,0 //GS_BULLSEYE 
504,0,0,30,0,0,0,99,0,0,none,4,0,0,0,0,0,0,0,0,0,0,0,0,0,0,0,0,0,0,0,0 //GS_MADNESSCANCEL 
505,0,0,15,0,0,0,99,0,0,none,2,0,0,0,0,0,0,0,0,0,0,0,0,0,0,0,0,0,0,0,0 //GS_ADJUSTMENT 
506,0,0,30,0,0,0,99,0,0,none,4,0,0,0,0,0,0,0,0,0,0,0,0,0,0,0,0,0,0,0,0 //GS_INCREASING 
507,0,0,7,0,0,0,99,0,0,none,1,0,0,0,0,0,0,0,0,0,0,0,0,0,0,0,0,0,0,0,0 //GS_MAGICALBULLET 
508,0,0,10,0,0,0,99,99,1,none,1,0,0,0,0,0,0,0,0,0,0,0,0,0,0,0,0,0,0,0,0 //GS_CRACKER 
512,0,0,15:20:25:30:35:40:45:50:55:60,0,0,0,17:18,3,1,none,0,0,0,0,0,0,0,0,0,0,0,0,0,0,0,0,0,0,0,0,0 //GS_TRACKING 
513,0,0,15:20:25:30:35,0,0,0,17:18,3,1,none,0,0,0,0,0,0,0,0,0,0,0,0,0,0,0,0,0,0,0,0,0 //GS_DISARM 
514,0,0,11:12:13:14:15,0,0,0,17:18,3,1,none,0,0,0,0,0,0,0,0,0,0,0,0,0,0,0,0,0,0,0,0,0 //GS_PIERCINGSHOT 
515,0,0,22:24:26:28:30:32:34:36:38:40,0,0,0,17,3,5,none,0,0,0,0,0,0,0,0,0,0,0,0,0,0,0,0,0,0,0,0,0 //GS_RAPIDSHOWER 
516,0,0,32:34:36:38:40:42:44:46:48:50,0,0,0,17,3,10,none,0,0,0,0,0,0,0,0,0,0,0,0,0,0,0,0,0,0,0,0,0 //GS_DESPERADO 
517,0,0,30:32:34:36:38:40:42:44:46:48,0,0,0,19,0,0,none,0,0,0,0,0,0,0,0,0,0,0,0,0,0,0,0,0,0,0,0,0 //GS_GATLINGFEVER 
518,0,0,3:6:9:12:15:18:21:24:27:30,0,0,0,20,3,1,none,0,0,0,0,0,0,0,0,0,0,0,0,0,0,0,0,0,0,0,0,0 //GS_DUST 
519,0,0,20:25:30:35:40:45:50:55:60:65,0,0,0,20,3,2:2:4:4:6:6:8:8:10:10,none,0,0,0,0,0,0,0,0,0,0,0,0,0,0,0,0,0,0,0,0,0 //GS_FULLBUSTER 
520,0,0,15:20:25:30:35:40:45:50:55:60,0,0,0,20,3,5,none,0,0,0,0,0,0,0,0,0,0,0,0,0,0,0,0,0,0,0,0,0 //GS_SPREADATTACK 
521,0,0,4:8:12:16:20:24:28:32:36:40,0,0,0,21,5,1,none,0,0,0,0,0,0,0,0,0,0,0,0,0,0,0,0,0,0,0,0,0 //GS_GROUNDDRIFT 
523,0,0,2,0,0,0,99,6,1,none,0,0,0,0,0,0,0,0,0,0,0,0,0,0,0,0,0,0,0,0,0 //NJ_SYURIKEN 
524,0,0,30:25:20:15:10,0,0,0,99,7,1,none,0,0,0,0,0,0,0,0,0,0,0,0,0,0,0,0,0,0,0,0,0 //NJ_KUNAI 
525,0,0,20:25:30:35:40,0,0,0,22,0,0,none,0,0,0,0,0,0,0,0,0,0,0,0,0,0,0,0,0,0,0,0,0 //NJ_HUUMA 
526,0,0,50,0,0,500:1000:1500:2000:2500:3000:3500:4000:4500:5000,99,0,0,none,0,0,0,0,0,0,0,0,0,0,0,0,0,0,0,0,0,0,0,0,0 //NJ_ZENYNAGE 
527,0,0,15,0,0,0,99,0,0,none,0,0,0,0,0,0,0,0,0,0,0,0,0,0,0,0,0,0,0,0,0 //NJ_TATAMIGAESHI 
528,0,0,10:12:14:16:18:20:22:24:26:28,0,0,0,99,0,0,none,0,0,0,0,0,0,0,0,0,0,0,0,0,0,0,0,0,0,0,0,0 //NJ_KASUMIKIRI 
529,0,0,10,0,0,0,99,0,0,hiding,0,0,0,0,0,0,0,0,0,0,0,0,0,0,0,0,0,0,0,0,0 //NJ_SHADOWJUMP 
530,0,0,14:16:18:20:22,0,0,0,99,0,0,hiding,0,0,0,0,0,0,0,0,0,0,0,0,0,0,0,0,0,0,0,0,0 //NJ_KIRIKAGE 
531,0,0,12:15:18:21:24,0,0,0,99,0,0,none,0,0,0,0,0,0,0,0,0,0,0,0,0,0,0,0,0,0,0,0,0 //NJ_UTSUSEMI 
532,0,0,30:32:34:36:38:40:42:44:46:48,0,0,0,99,0,0,none,0,7524,1,0,0,0,0,0,0,0,0,0,0,0,0,0,0,0,0,0,0 //NJ_BUNSINJYUTSU 
533,0,0,10,0,0,0,99,0,0,none,0,0,0,0,0,0,0,0,0,0,0,0,0,0,0,0,0,0,0,0,0 //NJ_NINPOU 
534,0,0,18:20:22:24:26:28:30:32:34:36,0,0,0,99,0,0,none,0,0,0,0,0,0,0,0,0,0,0,0,0,0,0,0,0,0,0,0,0 //NJ_KOUENKA 
535,0,0,25,0,0,0,99,0,0,none,0,7521,1,0,0,0,0,0,0,0,0,0,0,0,0,0,0,0,0,0,0 //NJ_KAENSIN 
536,0,0,20:25:30:35:40,0,0,0,99,0,0,none,0,7521,1,0,0,0,0,0,0,0,0,0,0,0,0,0,0,0,0,0,0 //NJ_BAKUENRYU 
537,0,0,15:18:21:24:27:30:33:36:39:42,0,0,0,99,0,0,none,0,0,0,0,0,0,0,0,0,0,0,0,0,0,0,0,0,0,0,0,0 //NJ_HYOUSENSOU 
538,0,0,15:18:21:24:27:30:33:36:39:42,0,0,0,99,0,0,none,0,7522,1,0,0,0,0,0,0,0,0,0,0,0,0,0,0,0,0,0,0 //NJ_SUITON 
539,0,0,40:45:50:55:60,0,0,0,99,0,0,none,0,7522,1,0,0,0,0,0,0,0,0,0,0,0,0,0,0,0,0,0,0 //NJ_HYOUSYOURAKU 
540,0,0,12:14:16:18:20:22:24:26:28:30,0,0,0,99,0,0,none,0,0,0,0,0,0,0,0,0,0,0,0,0,0,0,0,0,0,0,0,0 //NJ_HUUJIN 
541,0,0,16:20:24:28:32,0,0,0,99,0,0,none,0,7523,1,0,0,0,0,0,0,0,0,0,0,0,0,0,0,0,0,0,0 //NJ_RAIGEKISAI 
542,0,0,24:28:32:36:40,0,0,0,99,0,0,none,0,7523,1,0,0,0,0,0,0,0,0,0,0,0,0,0,0,0,0,0,0 //NJ_KAMAITACHI 
543,0,0,20:30:40:50:60,-5,0,0,99,0,0,none,0,0,0,0,0,0,0,0,0,0,0,0,0,0,0,0,0,0,0,0,0 //NJ_NEN 
544,0,0,55:60:65:70:75:80:85:90:95:100,0,0,0,99,0,0,none,0,0,0,0,0,0,0,0,0,0,0,0,0,0,0,0,0,0,0,0,0 //NJ_ISSEN 
//
698,0,0,1,0,0,0,99,0,0,none,0,0,0,0,0,0,0,0,0,0,0,0,0,0,0,0,0,0,0,0,0 //ALL_WEWISH#Noite Feliz!
//
1001,0,0,40,0,0,0,99,0,0,none,0,0,0,0,0,0,0,0,0,0,0,0,0,0,0,0,0,0,0,0,0 //KN_CHARGEATK#Avanço Ofensivo# 
1002,0,0,15,0,0,0,99,0,0,shield,0,0,0,0,0,0,0,0,0,0,0,0,0,0,0,0,0,0,0,0,0 //CR_SHRINK#Submissão# 
1004,0,0,15,0,0,0,99,2,1,none,0,0,0,0,0,0,0,0,0,0,0,0,0,0,0,0,0,0,0,0,0 //AS_VENOMKNIFE#Faca Envenenada# 
1005,0,0,25,0,0,0,99,0,0,none,0,0,0,0,0,0,0,0,0,0,0,0,0,0,0,0,0,0,0,0,0 //RG_CLOSECONFINE#Confinamento# 
1006,0,0,40,0,0,0,99,0,0,none,0,0,0,0,0,0,0,0,0,0,0,0,0,0,0,0,0,0,0,0,0 //WZ_SIGHTBLASTER#Explosão Protetora# 
1007,0,0,30,0,0,0,99,0,0,none,0,0,0,0,0,0,0,0,0,0,0,0,0,0,0,0,0,0,0,0,0 //SA_CREATECON#Criar Conversor Elemental
1008,0,0,30,0,0,0,99,0,0,none,0,12115,1,0,0,0,0,0,0,0,0,0,0,0,0,0,0,0,0,0,0 //SA_ELEMENTWATER#Mudança Elemental - Água# 
1009,0,0,10,0,0,0,11,0,0,none,0,0,0,0,0,0,0,0,0,0,0,0,0,0,0,0,0,0,0,0,0 //HT_PHANTASMIC#Flecha Fantasma# 
1010,0,0,20,0,0,0,99,0,0,none,0,0,0,0,0,0,0,0,0,0,0,0,0,0,0,0,0,0,0,0,0 //BA_PANGVOICE#Voz Dolorosa# 
1011,0,0,40,0,0,0,99,0,0,none,0,0,0,0,0,0,0,0,0,0,0,0,0,0,0,0,0,0,0,0,0 //DC_WINKCHARM#Piscadela# 
1013,0,0,10,0,0,0,99,0,0,none,0,0,0,0,0,0,0,0,0,0,0,0,0,0,0,0,0,0,0,0,0 //BS_GREED#Ganância# 
1014,0,0,400,0,0,0,99,0,0,none,0,0,0,0,0,0,0,0,0,0,0,0,0,0,0,0,0,0,0,0,0 //PR_REDEMPTIO#Martírio# 
1015,0,0,40,0,0,0,99,0,0,none,1,0,0,0,0,0,0,0,0,0,0,0,0,0,0,0,0,0,0,0,0 //MO_KITRANSLATION#Concessão Espiritual# 
1016,10,0,20,0,0,0,99,0,0,none,0,0,0,0,0,0,0,0,0,0,0,0,0,0,0,0,0,0,0,0,0 //MO_BALKYOUNG#Punhos Intensos# 
1017,0,0,30,0,0,0,99,0,0,none,0,12116,1,0,0,0,0,0,0,0,0,0,0,0,0,0,0,0,0,0,0 //SA_ELEMENTGROUND 
1018,0,0,30,0,0,0,99,0,0,none,0,12114,1,0,0,0,0,0,0,0,0,0,0,0,0,0,0,0,0,0,0 //SA_ELEMENTFIRE 
1019,0,0,30,0,0,0,99,0,0,none,0,12117,1,0,0,0,0,0,0,0,0,0,0,0,0,0,0,0,0,0,0 //SA_ELEMENTWIND 
//
2535,0,0,1,0,0,0,99,0,0,none,0,6377,1,0,0,0,0,0,0,0,0,0,0,0,0,0,0,0,0,0,0	//ALL_BUYING_STORE#Open Buying Store#
//
10010,0,0,1,0,0,0,99,0,0,none,0,0,0,0,0,0,0,0,0,0,0,0,0,0,0,0,0,0,0,0,0 //GD_BATTLEORDER#Comando de Batalha# 
10011,0,0,1,0,0,0,99,0,0,none,0,0,0,0,0,0,0,0,0,0,0,0,0,0,0,0,0,0,0,0,0 //GD_REGENERATION#Regeneração# 
10012,0,0,1,0,0,0,99,0,0,none,0,0,0,0,0,0,0,0,0,0,0,0,0,0,0,0,0,0,0,0,0 //GD_RESTORE#Restauração# 
10013,0,0,1,0,0,0,99,0,0,none,0,0,0,0,0,0,0,0,0,0,0,0,0,0,0,0,0,0,0,0,0 //GD_EMERGENCYCALL#Chamado Urgente# 
//
8001,0,0,13:16:19:22:25,0,0,0,99,0,0,none,0,545,1,0,0,0,0,0,0,0,0,0,0,0,0,0,0,0,0,0,0 //HLIF_HEAL 
8002,0,0,20:25:30:35:40,0,0,0,99,0,0,none,0,0,0,0,0,0,0,0,0,0,0,0,0,0,0,0,0,0,0,0,0 //HLIF_AVOID 
8004,0,0,100,0,0,0,99,0,0,none,0,0,0,0,0,0,0,0,0,0,0,0,0,0,0,0,0,0,0,0,0 //HLIF_CHANGE 
8005,0,0,10,0,0,0,99,0,0,none,0,0,0,0,0,0,0,0,0,0,0,0,0,0,0,0,0,0,0,0,0 //HAMI_CASTLE 
8006,0,0,20:25:30:35:40,0,0,0,99,0,0,none,0,0,0,0,0,0,0,0,0,0,0,0,0,0,0,0,0,0,0,0,0 //HAMI_DEFENCE 
8008,0,0,120,0,0,0,99,0,0,none,0,0,0,0,0,0,0,0,0,0,0,0,0,0,0,0,0,0,0,0,0 //HAMI_BLOODLUST 
8009,0,0,4:8:12:16:20,0,0,0,99,0,0,none,0,0,0,0,0,0,0,0,0,0,0,0,0,0,0,0,0,0,0,0,0 //HFLI_MOON 
8010,0,0,30:40:50:60:70,0,0,0,99,0,0,none,0,0,0,0,0,0,0,0,0,0,0,0,0,0,0,0,0,0,0,0,0 //HFLI_FLEET 
8011,0,0,30:40:50:60:70,0,0,0,99,0,0,none,0,0,0,0,0,0,0,0,0,0,0,0,0,0,0,0,0,0,0,0,0 //HFLI_SPEED 
8012,0,0,1,0,0,0,99,0,0,none,0,0,0,0,0,0,0,0,0,0,0,0,0,0,0,0,0,0,0,0,0 //HFLI_SBR44 
8013,0,0,22:24:26:28:30,0,0,0,99,0,0,none,0,0,0,0,0,0,0,0,0,0,0,0,0,0,0,0,0,0,0,0,0 //HVAN_CAPRICE 
8014,0,0,40,0,0,0,99,0,0,none,0,0,0,0,0,0,0,0,0,0,0,0,0,0,0,0,0,0,0,0,0 //HVAN_CHAOTIC 
8016,0,0,1,0,0,0,99,0,0,none,0,0,0,0,0,0,0,0,0,0,0,0,0,0,0,0,0,0,0,0,0 //HVAN_EXPLOSION 
//
8201,0,0,8:8:8:8:8:15:15:15:15:15,0,0,0,0:1:2:3:4:5:6:7:8:9:10:12:13:14:15:16:17:18:19:20:21:22,0,0,none,0,0,0,0,0,0,0,0,0,0,0,0,0,0,0,0,0,0,0,0,0 //MS_BASH 
8202,20:20:19:19:18:18:17:17:16:16,0,30,0,0,0,99,0,0,none,0,0,0,0,0,0,0,0,0,0,0,0,0,0,0,0,0,0,0,0,0 //MS_MAGNUM 
8203,0,0,13:14:15:16:17:18:19:20:21:22,0,0,0,99,0,0,none,0,0,0,0,0,0,0,0,0,0,0,0,0,0,0,0,0,0,0,0,0 //MS_BOWLINGBASH 
8204,0,0,50,0,0,0,99,0,0,none,0,0,0,0,0,0,0,0,0,0,0,0,0,0,0,0,0,0,0,0,0 //MS_PARRYING 
8205,0,0,35:40:45:50:55:60:65:70:75:80,0,0,0,99,0,0,none,0,0,0,0,0,0,0,0,0,0,0,0,0,0,0,0,0,0,0,0,0 //MS_REFLECTSHIELD 
8206,0,0,100,0,0,0,99,0,0,none,0,0,0,0,0,0,0,0,0,0,0,0,0,0,0,0,0,0,0,0,0 //MS_BERSERK 
8207,0,0,12,0,0,0,99,1,1,none,0,0,0,0,0,0,0,0,0,0,0,0,0,0,0,0,0,0,0,0,0 //MA_DOUBLE 
8208,0,0,15,0,0,0,99,1,1,none,0,0,0,0,0,0,0,0,0,0,0,0,0,0,0,0,0,0,0,0,0 //MA_SHOWER 
8209,0,0,10,0,0,0,99,0,0,none,0,0,0,0,0,0,0,0,0,0,0,0,0,0,0,0,0,0,0,0,0 //MA_SKIDTRAP 
8210,0,0,10,0,0,0,99,0,0,none,0,0,0,0,0,0,0,0,0,0,0,0,0,0,0,0,0,0,0,0,0 //MA_LANDMINE 
8211,0,0,12,0,0,0,99,0,0,none,0,0,0,0,0,0,0,0,0,0,0,0,0,0,0,0,0,0,0,0,0 //MA_SANDMAN 
8212,0,0,10,0,0,0,99,0,0,none,0,0,0,0,0,0,0,0,0,0,0,0,0,0,0,0,0,0,0,0,0 //MA_FREEZINGTRAP 
8213,0,0,5,0,0,0,99,0,0,none,0,0,0,0,0,0,0,0,0,0,0,0,0,0,0,0,0,0,0,0,0 //MA_REMOVETRAP 
8214,0,0,15,0,0,0,99,1,1,none,0,0,0,0,0,0,0,0,0,0,0,0,0,0,0,0,0,0,0,0,0 //MA_CHARGEARROW 
8215,0,0,18:21:24:27:30,0,0,0,99,1,1,none,0,0,0,0,0,0,0,0,0,0,0,0,0,0,0,0,0,0,0,0,0 //MA_SHARPSHOOTING 
8216,0,0,7,0,0,0,99,0,0,none,0,0,0,0,0,0,0,0,0,0,0,0,0,0,0,0,0,0,0,0,0 //ML_PIERCE 
8217,0,0,12,0,0,0,99,0,0,none,0,0,0,0,0,0,0,0,0,0,0,0,0,0,0,0,0,0,0,0,0 //ML_BRANDISH 
8218,0,0,18:21:24:27:30,0,0,0,99,0,0,none,0,0,0,0,0,0,0,0,0,0,0,0,0,0,0,0,0,0,0,0,0 //ML_SPIRALPIERCE 
8219,0,0,30,0,0,0,99,0,0,shield,0,0,0,0,0,0,0,0,0,0,0,0,0,0,0,0,0,0,0,0,0 //ML_DEFENDER 
8220,0,0,12:14:16:18:20:22:24:26:28:30,0,0,0,99,0,0,none,0,0,0,0,0,0,0,0,0,0,0,0,0,0,0,0,0,0,0,0,0 //ML_AUTOGUARD 
8221,0,0,25,0,0,0,99,0,0,none,0,0,0,0,0,0,0,0,0,0,0,0,0,0,0,0,0,0,0,0,0 //ML_DEVOTION 
8222,0,0,40,0,0,0,99,0,0,none,0,0,0,0,0,0,0,0,0,0,0,0,0,0,0,0,0,0,0,0,0 //MER_MAGNIFICAT 
8223,0,0,14:18:22:26:30:34:38:42:46:50,0,0,0,99,0,0,none,0,0,0,0,0,0,0,0,0,0,0,0,0,0,0,0,0,0,0,0,0 //MER_QUICKEN 
8224,0,0,10,0,0,0,99,0,0,none,0,0,0,0,0,0,0,0,0,0,0,0,0,0,0,0,0,0,0,0,0 //MER_SIGHT 
8225,0,0,10,0,0,0,99,0,0,none,0,0,0,0,0,0,0,0,0,0,0,0,0,0,0,0,0,0,0,0,0 //MER_CRASH 
8226,0,0,10,0,0,0,99,0,0,none,0,0,0,0,0,0,0,0,0,0,0,0,0,0,0,0,0,0,0,0,0 //MER_REGAIN 
8227,0,0,10,0,0,0,99,0,0,none,0,0,0,0,0,0,0,0,0,0,0,0,0,0,0,0,0,0,0,0,0 //MER_TENDER 
8228,0,0,10,0,0,0,99,0,0,none,0,0,0,0,0,0,0,0,0,0,0,0,0,0,0,0,0,0,0,0,0 //MER_BENEDICTION 
8229,0,0,10,0,0,0,99,0,0,none,0,0,0,0,0,0,0,0,0,0,0,0,0,0,0,0,0,0,0,0,0 //MER_RECUPERATE 
8230,0,0,10,0,0,0,99,0,0,none,0,0,0,0,0,0,0,0,0,0,0,0,0,0,0,0,0,0,0,0,0 //MER_MENTALCURE 
8231,0,0,10,0,0,0,99,0,0,none,0,0,0,0,0,0,0,0,0,0,0,0,0,0,0,0,0,0,0,0,0 //MER_COMPRESS 
8232,0,0,4:5:6:7:8:9:10:11:12:13,0,0,0,99,0,0,none,0,0,0,0,0,0,0,0,0,0,0,0,0,0,0,0,0,0,0,0,0 //MER_PROVOKE 
8233,0,0,5,0,0,0,99,0,0,none,0,0,0,0,0,0,0,0,0,0,0,0,0,0,0,0,0,0,0,0,0 //MER_AUTOBERSERK 
8234,0,0,15:17:19:21:23:25:27:29:31:33,0,0,0,99,0,0,none,0,0,0,0,0,0,0,0,0,0,0,0,0,0,0,0,0,0,0,0,0 //MER_DECAGI 
8235,0,0,10,100,0,0,99,0,0,none,0,0,0,0,0,0,0,0,0,0,0,0,0,0,0,0,0,0,0,0,0 //MER_SCAPEGOAT 
8236,0,0,20:20:20:20:20:18:16:14:12:10,0,0,0,99,0,0,none,0,0,0,0,0,0,0,0,0,0,0,0,0,0,0,0,0,0,0,0,0 //MER_LEXDIVINA 
8237,0,0,10,0,0,0,99,0,0,none,0,0,0,0,0,0,0,0,0,0,0,0,0,0,0,0,0,0,0,0,0 //MER_ESTIMATION 
8238,0,0,20:20:20:25:25:25:30:30:30:35,0,0,0,99,0,0,none,0,0,0,0,0,0,0,0,0,0,0,0,0,0,0,0,0,0,0,0,0 //MER_KYRIE 
8239,0,0,28:32:36:40:44:48:52:56:60:64,0,0,0,99,0,0,none,0,0,0,0,0,0,0,0,0,0,0,0,0,0,0,0,0,0,0,0,0 //MER_BLESSING 
8240,15,0,18:21:24:27:30:33:36:39:42:45,0,0,0,99,0,0,none,0,0,0,0,0,0,0,0,0,0,0,0,0,0,0,0,0,0,0,0,0 //MER_INCAGI 
